0.713339,-0.537132,-0.450152,0.069533,0.693398,-0.717192,-0.697361,-0.480301,-0.531976,60.134926,0.200813,0.069711,0.977146,-181.661087,35.6474,-243.773071,0.768212,0.0,-0.256947,-0.958795,0.121207,6.593594,164.535278,-41.859383,-7.462598,17.561888,7.088705,85.069077,46.759636,0.171011,2.913244,-5.625868,156.889923,-109.486069
0.722413,-0.509618,-0.467342,0.039561,0.705231,-0.707873,-0.690329,-0.492888,-0.529629,60.134926,0.206653,0.082728,0.97491,-181.601242,35.010426,-243.490524,0.771623,0.0,-0.215452,-0.968113,0.127821,5.244423,167.686676,-42.282753,-17.901731,36.298416,-9.126332,85.069077,46.042526,0.184825,3.008984,-7.341161,159.430435,-109.795967
0.756148,-0.49575,-0.427167,0.010442,0.661819,-0.749591,-0.654317,-0.562341,-0.50561,60.134926,0.195175,0.138863,0.970888,-173.293625,18.308722,-238.038345,0.840425,0.0,-0.173438,-0.969438,0.173521,3.462278,172.484528,-43.326706,-21.85606,16.239067,-3.218136,85.069077,45.867752,0.209236,3.104,-8.124024,160.260834,-110.407051
0.742199,-0.518228,-0.424948,-0.00231,0.632099,-0.774884,-0.670176,-0.5761,-0.467946,60.134926,0.174799,0.146657,0.973621,-178.084702,13.899888,-228.683243,0.795744,0.0,-0.151369,-0.973087,0.173753,1.74082,172.082901,-43.65897,-11.502874,-7.374075,-17.064735,85.069077,44.880741,0.205473,3.199392,-8.91193,159.325104,-110.559441
0.725446,-0.553063,-0.409695,0.016506,0.609054,-0.792957,-0.688081,-0.568485,-0.450964,60.134926,0.162285,0.117823,0.979684,-182.840714,17.756258,-226.170288,0.781051,0.0,-0.18334,-0.971957,0.147264,0.933943,172.431046,-45.259319,-1.20608,2.508046,-9.35396,85.069077,44.867455,0.190075,3.294805,-9.147971,161.259155,-112.33313
0.72965,-0.538367,-0.421629,-0.005509,0.611931,-0.790892,-0.683798,-0.579397,-0.44353,60.134926,0.182944,0.106528,0.977335,-182.818512,15.36511,-224.346649,0.661294,0.0,-0.176007,-0.974502,0.139166,1.148266,172.167023,-45.40596,1.906011,-5.417193,2.340447,85.069077,46.32196,0.164111,3.3909,-10.206942,161.622589,-112.386185
0.717293,-0.539646,-0.440764,-0.01233,0.622651,-0.782402,-0.696662,-0.566646,-0.43997,60.134926,0.197869,0.108374,0.974219,-186.164856,17.759258,-222.824295,0.728536,0.0,-0.175235,-0.973949,0.143935,2.114089,171.31015,-44.931049,11.883382,-5.32224,8.757761,85.069077,45.997437,0.171026,3.485658,-10.306026,160.798065,-111.762497
0.728133,-0.533339,-0.430549,0.004943,0.632207,-0.774783,-0.685418,-0.562017,-0.462967,60.134926,0.198781,0.126674,0.971823,-182.189453,17.749495,-227.945007,0.766602,0.0,-0.186998,-0.968491,0.164489,3.062737,171.270538,-44.2323,5.361307,-0.175995,2.29388,85.069077,45.956535,0.183058,3.598299,-9.16902,159.619812,-111.078018
0.736702,-0.527165,-0.423517,0.01968,0.642753,-0.765821,-0.675931,-0.555847,-0.483892,60.134926,0.195517,0.115572,0.973867,-179.067032,19.58198,-233.099884,0.872456,0.0,-0.201789,-0.967043,0.155274,3.411007,170.864929,-43.856159,-0.218074,-4.355368,3.447742,85.069077,46.311821,0.186756,3.699914,-8.441477,159.894714,-110.950768
0.737546,-0.52664,-0.4227,0.021322,0.643796,-0.7649,-0.67496,-0.555136,-0.486059,60.134926,0.190902,0.110983,0.975315,-178.736984,19.901783,-233.540833,0.814698,0.0,-0.201265,-0.968053,0.149551,3.204924,170.703354,-43.668549,-7.905776,-2.743623,2.187441,85.069077,45.974636,0.19849,3.789089,-8.35647,160.035019,-110.844849
0.729336,-0.541155,-0.418593,0.01361,0.623194,-0.781949,-0.68402,-0.564606,-0.461883,60.134926,0.186271,0.106238,0.976738,-181.763809,16.764006,-227.021851,0.80474,0.0,-0.198988,-0.969454,0.143394,2.355798,169.794998,-43.352795,-7.570501,-9.609077,0.769364,85.069077,45.029911,0.215545,3.884447,-9.09629,159.287872,-110.428444
0.711132,-0.564494,-0.419091,0.031564,0.62113,-0.783072,-0.702349,-0.54364,-0.459523,60.134926,0.19096,0.092532,0.977227,-187.287811,21.894474,-226.409653,0.819197,0.0,-0.232395,-0.962982,0.136596,1.892751,168.820114,-43.314278,-3.838998,-12.056788,2.739618,85.069077,45.688602,0.199548,3.979894,-9.993451,159.125717,-110.412048
0.705905,-0.566599,-0.425046,0.043388,0.63355,-0.772484,-0.706977,-0.526859,-0.471809,60.134926,0.194176,0.090288,0.976803,-189.01387,25.252197,-229.031494,0.84066,0.0,-0.244423,-0.959897,0.137313,1.524835,167.689804,-42.767075,1.708753,-5.622282,2.267179,85.069077,46.129559,0.182476,4.075338,-10.551427,158.24736,-109.932411
0.720253,-0.544447,-0.429899,0.027212,0.641405,-0.76672,-0.693177,-0.540534,-0.47679,60.134926,0.195822,0.104354,0.975071,-184.66684,20.730734,-229.784058,0.809229,0.0,-0.216215,-0.965258,0.146726,2.370191,167.408875,-42.315907,9.853243,0.632699,7.06698,85.069077,45.875385,0.181457,4.170631,-9.687765,157.177994,-109.427834
0.731517,-0.537107,-0.419999,0.027351,0.638615,-0.76904,-0.681274,-0.551078,-0.481848,60.134926,0.181616,0.118439,0.976211,-179.938873,17.096678,-230.587204,0.809831,0.0,-0.200826,-0.967331,0.154723,3.098347,167.297424,-41.798672,7.924111,0.832152,0.919452,85.069077,44.967022,0.213174,4.266028,-7.964427,156.205688,-108.954063
0.72824,-0.532029,-0.431986,0.014747,0.642359,-0.766262,-0.685164,-0.551652,-0.475638,60.134926,0.186561,0.114689,0.975726,-180.595474,18.337578,-229.290787,0.803666,0.0,-0.188838,-0.970457,0.150176,3.821243,168.370575,-42.113243,3.731772,15.749962,-3.745161,85.069077,45.093174,0.21895,4.361434,-7.639243,157.591263,-109.225372
0.738642,-0.50992,-0.440895,0.013701,0.665274,-0.746473,-0.673958,-0.545336,-0.498386,60.134926,0.196277,0.114742,0.973812,-178.311615,22.282072,-235.804855,0.811585,0.0,-0.184935,-0.970975,0.151683,3.702489,170.579987,-42.795109,-4.961039,22.117115,-6.229071,85.069077,45.869068,0.203146,4.458566,-8.183993,159.941452,-109.996925
0.739323,-0.516452,-0.432064,0.00845,0.648727,-0.760974,-0.673298,-0.558955,-0.483983,60.134926,0.196285,0.116797,0.973566,-179.48912,18.586897,-232.197067,0.816254,0.0,-0.18533,-0.970566,0.153802,2.383661,170.631775,-42.936565,-16.14559,-9.704438,-1.22617,85.069077,45.270481,0.206681,4.552199,-9.528096,159.684067,-110.025101
0.72045,-0.548754,-0.424053,0.010299,0.61986,-0.784645,-0.69343,-0.560931,-0.45223,60.134926,0.185788,0.091866,0.978286,-184.806839,19.177361,-225.111984,0.82579,0.0,-0.201253,-0.970955,0.129398,1.804381,170.381729,-43.853718,0.737443,0.575595,-5.381713,85.069077,45.590633,0.177735,4.664913,-9.763954,160.773346,-110.955452
0.720916,-0.543678,-0.42976,-0.016483,0.606498,-0.794914,-0.692826,-0.580151,-0.428273,60.134926,0.192266,0.113025,0.974812,-184.172363,14.408599,-219.681473,0.814223,0.0,-0.17019,-0.974453,0.14655,2.791082,171.795746,-44.808334,11.167415,22.337837,-5.159901,85.069077,45.828094,0.17137,4.761006,-9.281957,160.856308,-111.572418
0.71974,-0.537649,-0.439212,0.016863,0.646001,-0.76315,-0.694039,-0.541863,-0.47402,60.134926,0.202569,0.092034,0.974934,-183.613907,27.328196,-232.549835,0.820441,0.0,-0.211493,-0.967967,0.135319,4.100592,173.553909,-45.772144,14.479409,7.52493,-8.037159,85.069077,45.814266,0.207263,4.855704,-8.417307,164.110886,-112.892845
0.724225,-0.525017,-0.447052,0.027717,0.669951,-0.741888,-0.689006,-0.524903,-0.499748,60.134926,0.202945,0.084838,0.975508,-181.339661,30.978489,-238.899246,0.77081,0.0,-0.215841,-0.96786,0.129077,5.004338,172.275055,-45.415142,7.259956,-28.154579,12.258798,85.069077,45.181206,0.229137,4.951239,-7.413503,163.479935,-112.747719
0.703341,-0.541215,-0.460866,0.027316,0.668427,-0.743276,-0.710327,-0.510188,-0.484916,60.134926,0.204842,0.074184,0.97598,-187.438004,32.707043,-234.347992,0.77362,0.0,-0.221802,-0.967667,0.120105,4.675209,169.532242,-44.678593,-10.054973,-20.437092,6.474105,85.069077,45.870441,0.20877,5.046545,-8.129771,161.493927,-111.940292
0.697202,-0.5651,-0.441101,0.029827,0.637646,-0.769752,-0.716253,-0.523516,-0.461424,60.134926,0.19562,0.093641,0.976199,-191.016876,25.697401,-226.865875,0.774977,0.0,-0.225365,-0.964497,0.13768,2.120363,167.323181,-43.321304,-32.695606,-17.864502,15.233056,85.069077,45.943993,0.192669,5.142096,-10.212676,157.848755,-110.388374
0.690161,-0.566325,-0.450505,0.04973,0.658185,-0.751212,-0.721945,-0.496054,-0.482417,60.134926,0.200664,0.076506,0.976668,-195.024307,34.560013,-232.983658,0.846069,0.0,-0.250022,-0.959933,0.126564,-0.168976,168.043121,-43.950581,-24.734983,25.053108,-12.980463,85.069077,45.926556,0.190197,5.237284,-12.783351,159.77916,-111.207016
0.713295,-0.564221,-0.41577,0.033173,0.61974,-0.784106,-0.700079,-0.545506,-0.460774,60.134926,0.142788,0.090697,0.985589,-189.104858,21.62335,-228.00972,0.785662,0.0,-0.191962,-0.974346,0.117473,-3.365318,168.611328,-44.286022,-66.009163,-47.789391,3.087834,85.069077,44.904289,0.205176,5.332663,-12.383615,159.325684,-111.696297
0.680902,-0.607162,-0.409546,0.069354,0.610145,-0.789248,-0.729084,-0.508997,-0.457558,60.69294,0.173483,0.077685,0.981768,-198.831161,31.868835,-228.091812,0.807891,0.0,-0.276904,-0.952821,0.124325,-3.708344,169.135864,-45.293812,7.745115,4.904469,-10.729903,85.085709,45.204208,0.195424,5.429344,-14.755821,160.377731,-112.569908
0.709036,-0.569558,-0.415778,0.035746,0.617883,-0.785457,-0.704265,-0.542055,-0.458461,61.000706,0.171002,0.084913,0.981605,-191.637817,24.645412,-229.103592,0.786656,0.0,-0.224545,-0.966703,0.122741,-3.082898,170.665405,-46.049366,6.724448,24.808565,-8.464987,85.094833,47.094864,0.120726,5.52368,-13.805906,161.518021,-113.338936
0.721657,-0.536906,-0.436971,-0.000306,0.630984,-0.775796,-0.692251,-0.559992,-0.455189,61.000706,0.1656,0.088482,0.982216,-187.39502,21.075977,-228.361023,0.785593,0.0,-0.164753,-0.979488,0.116013,-2.177746,171.576767,-46.123257,11.277126,4.56257,-3.233283,85.094833,46.213093,0.170272,5.618846,-12.596778,162.477783,-113.422531
0.727479,-0.528489,-0.437577,0.021655,0.655114,-0.75522,-0.685788,-0.539931,-0.488026,61.000706,0.19777,0.091958,0.975926,-186.071106,25.3787,-237.157532,0.787391,0.0,-0.208973,-0.968748,0.133629,-0.797886,171.089569,-46.650879,12.235934,-14.360673,-6.379704,85.094833,45.368908,0.224934,5.714388,-12.904834,161.715012,-113.927666
0.710955,-0.547781,-0.440998,0.043869,0.660422,-0.749612,-0.701868,-0.513594,-0.493561,60.380501,0.199043,0.066981,0.977699,-189.68895,30.620201,-238.50502,0.801982,0.0,-0.244387,-0.962749,0.11571,-0.174123,168.103592,-46.466648,0.512457,-24.663107,3.701139,85.090912,45.854019,0.207581,5.828285,-12.470675,160.300339,-113.883141
0.689294,-0.568874,-0.448615,0.042484,0.649896,-0.758835,-0.723235,-0.504002,-0.472137,60.380501,0.192965,0.076376,0.978229,-196.066055,31.001932,-232.162827,0.831807,0.0,-0.239447,-0.963159,0.122433,-1.239575,166.537338,-45.68475,-17.330521,-5.160573,17.53578,85.090912,45.893555,0.203286,5.922351,-13.452662,158.26001,-112.950417
0.731779,-0.552788,-0.398654,0.00976,0.593369,-0.804871,-0.681472,-0.585097,-0.43961,60.380501,0.14082,0.093379,0.985622,-183.500031,9.196789,-222.984299,0.810605,0.0,-0.167761,-0.978895,0.11671,-2.620966,166.687866,-44.69413,-3.820818,3.295146,4.405492,85.090912,45.273884,0.210665,6.017793,-11.43145,156.930984,-111.98484
0.428729,-0.810553,-0.398993,0.42695,0.570993,-0.701199,-0.796182,-0.130274,-0.590867,61.341099,0.106063,0.105975,0.988696,-188.596405,85.457787,-257.062653,0.900262,0.0,-0.604592,-0.782526,0.148734,19.74404,127.534302,-39.722923,-2.032649,0.211425,-7.236934,85.126472,46.947166,1.0,8.003595,12.519698,118.365067,-107.809219
0.454393,-0.835929,-0.307815,0.412209,0.503641,-0.75923,-0.78969,-0.218104,-0.573428,61.341099,0.108885,0.096235,0.989385,-187.156494,62.764568,-252.859055,0.932103,0.0,-0.642394,-0.752741,0.143914,19.737494,127.793083,-40.043106,-3.079898,2.494503,-6.089424,85.126472,46.984657,0.514576,8.099016,12.31986,117.857918,-108.010597
0.400286,-0.87498,-0.272364,0.410079,0.436825,-0.800637,-0.819516,-0.208793,-0.533665,61.341099,0.08863,0.084564,0.992468,-195.039078,66.321449,-243.919693,0.908045,0.0,-0.684391,-0.718774,0.122361,18.717485,128.644714,-41.30584,-14.188047,27.611223,-11.339005,85.126472,36.10833,0.376645,8.194396,11.97139,119.062706,-109.11541
0.229472,-0.949687,-0.213158,0.562571,0.308129,-0.767183,-0.794264,-0.05613,-0.604974,61.341099,0.070603,0.029109,0.99708,-191.089508,107.589806,-262.234772,0.622978,0.0,-0.878628,-0.471424,0.075978,15.77943,128.564697,-40.920334,-48.66787,-44.554642,19.316446,85.126472,21.220041,0.220777,8.289789,9.542315,121.76841,-109.417854
0.15212,-0.972923,0.174014,0.640069,-0.037181,-0.767418,-0.753108,-0.228121,-0.617081,61.341099,0.057433,-0.045075,0.997331,-184.530136,63.961704,-265.448151,0.555207,0.0,-0.992879,0.101858,0.06178,14.359544,128.844131,-40.692791,4.419744,8.840792,-19.061045,85.126472,31.550869,0.115395,8.385183,5.705546,121.585258,-109.572952
-0.065616,-0.987112,-0.14596,0.48074,0.096907,-0.871492,-0.874405,0.127353,-0.468185,61.341099,0.03704,0.020577,0.999102,-213.071625,155.2901,-228.032791,1.090421,0.0,-0.975146,-0.217806,0.040638,14.81874,128.991989,-42.082256,-9.356471,5.308082,-1.764845,85.126472,20.388853,0.340162,8.480564,7.803784,123.120758,-109.76886
-0.018381,-0.987157,-0.158689,0.476311,0.130903,-0.869478,-0.879085,0.091568,-0.467787,61.341099,0.043519,0.0331,0.998504,-213.811142,145.465988,-227.960052,0.986875,0.0,-0.954012,-0.295333,0.05137,15.229974,128.94223,-42.183678,-1.242963,3.08702,-7.811709,85.126472,40.946915,0.242395,8.576095,8.246431,122.335945,-109.796585
0.051612,-0.998443,0.021143,0.484422,0.006516,-0.87481,-0.873311,-0.055393,-0.484004,61.341099,0.012256,0.01691,0.999782,-212.555862,106.458862,-232.271576,0.669262,0.0,-0.999,-0.042787,0.01297,14.665515,129.101456,-42.229553,-3.075022,8.418467,3.780198,85.126472,38.69717,0.102352,8.67137,8.043108,120.451256,-110.011711
0.044234,-0.998903,0.015387,0.545417,0.011243,-0.83809,-0.836997,-0.045465,-0.545315,61.341099,0.016273,0.018803,0.999691,-203.112457,109.577591,-248.048187,0.742917,0.0,-0.998703,-0.047935,0.017159,14.518442,129.67569,-42.177639,-1.847617,3.308685,-1.592955,85.126472,35.941162,0.209116,8.76672,8.313654,121.062057,-110.301048
0.008328,-0.999237,-0.038164,0.506318,0.037125,-0.861547,-0.862307,0.012149,-0.506241,61.341099,0.020551,0.030202,0.999333,-209.81636,124.633583,-237.81073,0.923349,0.0,-0.992607,-0.118973,0.024009,14.397909,129.896408,-42.115635,0.44677,2.79717,1.657138,85.126472,35.902321,0.206805,8.862135,8.002975,121.56485,-109.933861
-0.014092,-0.998802,-0.046857,0.509508,0.033149,-0.859827,-0.86035,0.03599,-0.508431,61.341099,0.022184,0.027751,0.999369,-209.427551,131.177063,-238.292831,0.745913,0.0,-0.993987,-0.106597,0.025025,14.44431,130.049866,-42.013165,2.185686,-2.522137,0.321326,85.126472,36.112679,0.198806,8.958106,7.897643,122.085869,-109.862778
0.046362,-0.998919,0.00332,0.543337,0.022428,-0.839215,-0.838234,-0.040712,-0.54379,61.341099,0.025181,0.020524,0.999472,-203.696625,111.074066,-247.346375,0.692691,0.0,-0.997224,-0.069568,0.026553,14.644623,129.925797,-41.892292,0.8353,-2.14646,2.165568,85.126472,35.535324,0.234729,9.070257,8.041842,121.357986,-109.984688
0.046657,-0.979192,-0.197499,0.473289,0.195783,-0.858875,-0.879671,0.053401,-0.472575,61.341099,0.067739,0.032703,0.997167,-215.332382,136.16333,-228.891144,1.021976,0.0,-0.919078,-0.386849,0.075121,14.760244,129.095779,-41.881271,-2.693527,-6.418676,-0.847354,85.126472,20.156815,0.368665,9.165647,6.873218,122.67411,-109.518295
0.129799,-0.925671,-0.355366,0.471176,0.372929,-0.799323,-0.872437,0.063689,-0.48456,61.341099,0.092491,0.05868,0.993983,-213.728104,139.629272,-231.932571,1.052419,0.0,-0.786907,-0.607355,0.109078,14.835689,129.643997,-41.881104,4.204659,12.35403,4.926687,85.126472,36.432213,0.449294,9.261742,6.650098,123.541458,-109.532402
0.185075,-0.883668,-0.429975,0.43764,0.465864,-0.769053,-0.879897,0.045842,-0.472948,61.341099,0.071758,0.06979,0.994977,-214.093567,135.538116,-228.325897,0.998533,0.0,-0.684482,-0.722137,0.100017,14.84596,129.750259,-41.204445,-5.651209,-7.416654,5.720883,85.126472,40.558094,0.487392,9.356515,8.169147,123.95842,-108.858879
0.194278,-0.924713,-0.327355,0.451253,0.380556,-0.807185,-0.870992,-0.009099,-0.491213,61.341099,0.061991,0.056663,0.996467,-211.721848,120.659485,-232.626266,0.904062,0.0,-0.75926,-0.645352,0.083932,14.463631,129.401077,-40.778103,-4.2916,-5.512415,1.797386,85.126472,41.698334,0.390033,9.451781,8.291394,122.957817,-108.545418
0.182672,-0.957876,-0.221595,0.464031,0.282702,-0.839497,-0.866779,-0.050525,-0.496126,61.341099,0.053847,0.039601,0.997764,-210.820847,109.61718,-234.002396,0.887436,0.0,-0.848026,-0.525749,0.066633,14.249355,129.35202,-40.860645,-1.009775,0.31597,-1.222098,85.126472,38.394356,0.361131,9.547323,8.12826,122.379944,-108.680519
0.14986,-0.984965,-0.085942,0.508153,0.151294,-0.847874,-0.848129,-0.083391,-0.523186,61.341099,0.043596,0.02835,0.998647,-206.466309,100.443069,-241.586334,0.959348,0.0,-0.950972,-0.305179,0.050178,14.143003,129.772369,-41.471413,10.821355,6.431593,-8.965142,85.126472,36.436031,0.264075,9.642666,7.771709,121.507607,-109.429131
0.210113,-0.931799,-0.295978,0.508297,0.362718,-0.78107,-0.835157,-0.013668,-0.549842,61.341099,0.092264,0.02935,0.995302,-203.701828,121.266716,-249.571625,1.121113,0.0,-0.827972,-0.552994,0.09306,15.026415,130.387573,-42.509903,1.49711,3.405027,-12.205316,85.126472,36.684704,0.375252,9.737995,7.259456,124.719345,-110.681068
0.334857,-0.812138,-0.477811,0.456471,0.583426,-0.67175,-0.824321,-0.006834,-0.566082,61.341099,0.109452,0.052393,0.99261,-200.371063,124.652992,-254.11145,1.030967,0.0,-0.642664,-0.758082,0.110878,15.75705,131.256363,-42.846024,8.733991,5.197568,9.571485,85.126472,35.27552,0.441949,9.835989,7.85303,126.37915,-111.118736
0.421576,-0.666476,-0.614886,0.403827,0.745123,-0.530769,-0.81191,0.024548,-0.583266,61.341099,0.112002,0.074461,0.990914,-197.07666,132.509232,-257.564331,1.065079,0.0,-0.498798,-0.858248,0.120871,15.75071,130.775299,-41.838966,-5.3335,-7.572778,6.663993,85.126472,35.681332,0.430617,9.928858,8.012489,126.308395,-110.230827
0.375902,-0.660318,-0.650136,0.372604,0.750081,-0.546392,-0.848448,0.036854,-0.527994,61.341099,0.104799,0.075536,0.991621,-206.764404,135.842316,-242.862305,1.028602,0.0,-0.468565,-0.87575,0.116229,15.435199,130.645782,-41.407055,-2.515966,6.495607,2.71404,85.126472,35.052433,0.442182,10.024772,7.554209,126.533043,-109.490501
0.396554,-0.644895,-0.653342,0.360428,0.763919,-0.535276,-0.844296,0.023217,-0.535373,61.341099,0.123169,0.082401,0.988959,-207.132172,132.578308,-244.422043,1.028428,0.0,-0.454903,-0.880992,0.130061,15.054883,131.300705,-41.139217,-3.556707,4.528847,1.720578,85.126472,34.898273,0.433745,10.119523,6.137815,126.713737,-109.186348
0.466136,-0.611599,-0.639268,0.339376,0.790905,-0.509209,-0.817032,-0.020409,-0.576231,61.341099,0.140557,0.092776,0.985716,-201.384598,120.89064,-254.295273,1.094949,0.0,-0.424933,-0.893585,0.144697,14.546549,131.499664,-40.545616,-10.948038,-7.556214,8.295083,85.126472,34.108082,0.461082,10.232262,4.998356,126.045921,-108.738869
0.490193,-0.612949,-0.619682,0.349608,0.78953,-0.504397,-0.798427,-0.030606,-0.601314,61.341099,0.150755,0.085491,0.984868,-196.967636,118.508057,-260.411163,1.128476,0.0,-0.438666,-0.887014,0.144144,14.597178,131.475937,-40.188084,1.830896,-0.027306,-0.058318,85.126472,31.179804,0.416167,10.327664,4.715618,126.239166,-108.518867
0.030628,-0.896057,-0.442881,0.557026,0.383207,-0.7368,-0.82993,0.22413,-0.510864,61.341099,0.091405,0.002433,0.995811,-258.490356,181.135315,-235.950256,0.521046,0.0,-0.846714,-0.52615,0.079005,-40.93124,126.063957,-38.843586,30.381371,-8.405315,-32.857582,85.126472,38.156387,0.17671,11.567758,-48.849346,124.519966,-106.905617
0.287235,-0.908891,-0.302345,0.450297,0.406721,-0.794865,-0.845416,-0.092168,-0.526096,61.341099,0.027658,-0.018299,0.99945,-256.731171,98.772995,-241.752014,0.620734,0.0,-0.76912,-0.639033,0.009584,-39.414375,124.879883,-40.578903,12.770308,-16.788,3.64206,85.126472,39.629272,0.177729,11.663095,-43.178356,122.054703,-108.859863
0.312835,-0.91984,-0.236704,0.63001,0.387456,-0.673027,-0.710789,-0.061421,-0.700718,61.341099,0.043096,-0.025775,0.998738,-221.071854,105.290268,-285.767456,0.372283,0.0,-0.871127,-0.490424,0.024933,-38.165161,124.120544,-39.428619,9.479136,-0.281567,5.623172,85.126472,37.146194,0.151988,11.759187,-41.525951,120.805153,-108.765396
0.250716,-0.915792,-0.313794,0.619349,0.400868,-0.675064,-0.744008,0.025099,-0.667699,61.341099,0.055971,-0.022793,0.998172,-230.520767,127.957451,-276.796143,0.394074,0.0,-0.86111,-0.507092,0.036707,-38.095062,124.037399,-39.005966,-1.119486,-1.772323,5.82744,85.126472,34.513958,0.242596,11.85392,-42.583649,121.617432,-108.134903
0.130238,-0.905426,-0.404033,0.62159,0.392039,-0.678182,-0.77244,0.162818,-0.613862,61.341099,0.058131,-0.026075,0.997968,-238.404877,164.910263,-262.839661,0.336161,0.0,-0.868616,-0.49405,0.037688,-38.162205,124.57206,-38.974743,-0.946161,25.462687,-2.723415,85.126472,34.418427,0.248922,11.949281,-43.285866,123.782341,-107.777634
0.108463,-0.875927,-0.470094,0.669193,0.414028,-0.617059,-0.73513,0.247656,-0.63107,61.341099,0.086717,0.003318,0.996227,-230.697861,189.261368,-267.609131,0.286679,0.0,-0.86258,-0.500066,0.076749,-38.633934,128.341293,-39.393322,-7.866203,12.109948,-0.164952,85.126472,33.068016,0.309755,12.044678,-45.003304,126.703362,-108.200211
0.068602,-0.875224,-0.478828,0.662806,0.398707,-0.633815,-0.745642,0.273889,-0.607456,61.341099,0.089231,0.013211,0.995923,-234.116318,195.559738,-261.610687,0.355816,0.0,-0.865924,-0.493051,0.084124,-39.030796,128.369293,-39.540142,0.399906,-8.052315,-1.517852,85.126472,33.406002,0.289173,12.140188,-45.766541,126.375099,-108.16684
0.148057,-0.898019,-0.414297,0.590703,0.416279,-0.691218,-0.79319,0.142387,-0.592095,61.341099,0.073866,-0.00787,0.997237,-244.853333,159.951859,-257.403381,0.446744,0.0,-0.839396,-0.540426,0.05791,-38.34919,125.731781,-39.214256,18.014261,-23.790548,10.016212,85.126472,29.107693,0.369411,12.235488,-44.492996,123.98481,-107.839775
0.153237,-0.884626,-0.440403,0.591462,0.439129,-0.676268,-0.791638,0.156853,-0.590514,61.341099,0.069758,-0.029431,0.99713,-242.167557,165.996384,-257.153687,0.403143,0.0,-0.833864,-0.550363,0.042091,-36.363792,126.541542,-39.326912,6.28721,7.881672,-5.92101,85.126472,32.871655,0.326854,12.331345,-42.199184,126.375259,-107.989403
0.021625,-0.93538,-0.352982,0.675872,0.273842,-0.684257,-0.736702,0.223774,-0.638119,61.341099,0.08334,-0.014539,0.996415,-227.851089,183.095978,-269.421112,0.230511,0.0,-0.937322,-0.340642,0.073427,-34.764736,128.552063,-39.385342,19.484495,9.18986,-2.551684,85.126472,36.082134,0.228118,12.443797,-41.759659,126.570503,-108.23172
0.093549,-0.945836,-0.310875,0.853108,0.237125,-0.464734,-0.513278,0.221735,-0.829083,61.341099,0.088474,0.016332,0.995945,-169.783203,180.457855,-319.05722,0.355367,0.0,-0.960475,-0.263538,0.089645,-35.130951,128.938171,-39.815063,-4.88754,-2.809034,0.035593,85.126472,36.889198,0.214841,12.539141,-40.128681,124.447517,-109.630112
-0.002539,-0.960936,-0.276758,0.859515,0.139356,-0.491746,-0.511105,0.239126,-0.825585,61.341099,0.091463,-0.000367,0.995808,-170.2995,185.265839,-318.124878,0.37529,0.0,-0.984134,-0.152707,0.090335,-35.336872,128.771286,-39.768093,-0.705198,1.01563,0.232836,85.126472,38.400951,0.215021,12.634382,-41.194069,124.86235,-109.581436
-0.099742,-0.972643,-0.209802,0.890428,0.00685,-0.455073,-0.44406,0.232203,-0.865385,61.341099,0.09574,-0.008514,0.99537,-153.864075,183.568375,-328.152252,0.32864,0.0,-0.995401,-0.003998,0.095709,-35.315678,129.106949,-39.559105,-1.946629,2.874925,3.236857,85.126472,41.326149,0.182386,12.729772,-41.694088,124.913605,-109.555176
-0.192575,-0.963153,-0.187752,0.895111,-0.094014,-0.435817,-0.402108,0.251987,-0.880234,61.341099,0.097193,-0.012656,0.995185,-143.963165,188.374573,-331.345001,0.325277,0.0,-0.98965,0.104845,0.097986,-35.575768,128.86821,-38.958771,0.652044,-12.431913,13.039536,85.126472,44.910488,0.0,12.825175,-42.390472,124.722542,-108.997131
-0.271986,-0.944396,-0.184772,0.886021,-0.170844,-0.431021,-0.375487,0.280943,-0.883221,61.341099,0.10169,-0.036127,0.99416,-137.972946,196.476257,-331.411407,0.554156,0.0,-0.975199,0.193859,0.106795,-35.613945,128.195236,-38.213432,-0.615466,-4.938239,5.8713,85.126472,46.536152,0.0,12.920806,-43.124554,125.50972,-108.308952
-0.337688,-0.920489,-0.19664,0.856558,-0.21391,-0.469629,-0.390226,0.327021,-0.860686,61.341099,0.09331,-0.055952,0.994064,-141.945084,209.465286,-325.051514,0.509141,0.0,-0.961704,0.253373,0.104534,-35.70961,127.984596,-37.608109,-2.793329,-3.130981,4.547969,85.126472,48.714981,0.0,13.01592,-43.373795,126.859421,-107.641457
-0.364534,-0.907412,-0.209088,0.812498,-0.20025,-0.547491,-0.45493,0.369463,-0.810269,61.341099,0.077879,-0.071892,0.994367,-158.644638,221.714142,-311.715363,0.501614,0.0,-0.959803,0.264366,0.094285,-36.179546,128.067856,-37.210037,-5.504894,4.730537,1.724537,85.126472,50.072441,0.0,13.111316,-43.728844,128.387451,-107.040855
-0.357137,-0.919312,-0.165282,0.798286,-0.208535,-0.565025,-0.484968,0.333734,-0.808349,61.341099,0.088942,-0.058862,0.994296,-167.236832,212.524414,-311.197296,0.451255,0.0,-0.957604,0.269569,0.101618,-36.15382,129.087265,-37.279964,1.445848,23.335859,-7.944914,85.126472,48.606133,0.0,13.206916,-44.733627,128.222992,-107.007675
-0.384592,-0.923075,-0.004579,0.78821,-0.325811,-0.522085,-0.480432,0.204399,-0.852881,61.341099,0.0791,-0.016201,0.996735,-165.426147,177.180878,-323.529572,0.370253,0.0,-0.92417,0.373635,0.079414,-35.329071,130.563202,-38.301319,18.94091,2.739913,-9.819244,85.126472,42.406921,0.022413,13.302085,-44.068672,125.549591,-108.091072
-0.367512,-0.929982,-0.008267,0.818682,-0.319285,-0.477302,-0.441242,0.182182,-0.878701,61.341099,0.087977,-0.000929,0.996122,-154.968185,170.632874,-330.835938,0.418781,0.0,-0.933349,0.3493,0.082759,-34.890026,130.769501,-39.066944,-3.413715,-3.235545,-3.254616,85.126472,40.685226,0.132205,13.397603,-43.509983,124.613533,-108.87545
-0.342236,-0.933742,-0.104879,0.824339,-0.244806,-0.510427,-0.450932,0.261142,-0.853502,61.341099,0.093865,-0.011873,0.995514,-157.514969,191.761902,-324.471466,0.511229,0.0,-0.956465,0.276469,0.093481,-35.107067,130.333908,-39.116386,-0.214597,-1.263614,1.951903,85.126472,41.740364,0.117013,13.51031,-43.609161,125.797203,-108.876274
-0.341034,-0.933983,-0.106641,0.843347,-0.253862,-0.473625,-0.415285,0.251457,-0.874247,61.341099,0.099601,-0.018555,0.994854,-148.30014,189.287598,-329.445953,0.530582,0.0,-0.953979,0.282434,0.100777,-34.889786,130.025696,-38.721268,3.750876,-7.770331,6.247448,85.126472,41.482639,0.131472,13.605629,-43.398758,125.769241,-108.610519
-0.334046,-0.935877,-0.112019,0.838563,-0.240818,-0.488691,-0.430378,0.25718,-0.865236,61.341099,0.100535,-0.007351,0.994906,-151.997986,190.36853,-326.86438,0.501526,0.0,-0.958896,0.265979,0.098862,-34.693039,130.244675,-38.530304,6.89227,4.373393,-0.148697,85.126472,40.829041,0.183852,13.701076,-43.28405,125.404572,-108.305145
-0.301253,-0.949751,-0.084963,0.840125,-0.222218,-0.494783,-0.45104,0.220434,-0.864854,61.341099,0.098921,-0.00441,0.995085,-156.488434,180.757492,-327.11084,0.525258,0.0,-0.964559,0.245402,0.096974,-34.019749,130.431,-38.877377,4.986773,3.300627,-6.18634,85.126472,41.264969,0.151253,13.796422,-42.555344,125.075638,-108.648148
-0.296519,-0.954354,-0.035855,0.834341,-0.240598,-0.495971,-0.464706,0.17698,-0.867598,61.341099,0.096121,-0.009561,0.995324,-159.945877,169.662811,-328.265381,0.537292,0.0,-0.958638,0.268252,0.095155,-33.869965,130.499619,-39.297485,-1.053807,0.240023,-1.784651,85.126472,40.890713,0.233227,13.891817,-42.560875,124.957451,-109.10936
0.452957,-0.837403,-0.305918,0.451373,0.511313,-0.731315,-0.768825,-0.193171,-0.609584,61.341099,0.202844,0.167192,0.964832,-193.59964,75.652321,-300.914703,0.554331,0.0,-0.658011,-0.706421,0.260752,13.44028,138.807281,-80.019096,-0.431169,11.539121,-9.873258,85.126472,40.052364,0.104971,15.001809,0.606209,124.447502,-146.933258
0.464734,-0.839232,-0.282334,0.450576,0.498632,-0.740505,-0.762236,-0.216924,-0.609869,61.341099,0.211176,0.172935,0.962028,-192.912796,69.017487,-300.541016,0.57778,0.0,-0.664069,-0.696817,0.271031,12.908795,138.866791,-79.749107,-7.445032,-1.312412,12.273915,85.126472,40.308834,0.123468,15.097194,-0.371354,123.812782,-146.487671
0.418488,-0.874206,-0.246235,0.514236,0.451546,-0.729155,-0.748618,-0.17852,-0.638515,61.341099,0.215052,0.156194,0.964031,-190.593307,78.97599,-307.101624,0.615396,0.0,-0.734359,-0.624868,0.26506,12.064568,138.451431,-78.850487,-9.03471,-7.686611,7.441737,85.126472,40.036434,0.149407,15.192556,-1.49173,124.070168,-145.81221
0.360162,-0.884211,-0.297412,0.532791,0.45666,-0.712457,-0.765778,-0.098142,-0.635572,61.341099,0.212056,0.138649,0.967372,-195.647156,100.727531,-306.138306,0.623039,0.0,-0.747353,-0.614807,0.251944,11.432261,138.103317,-78.395538,-6.837966,-7.08761,7.498156,85.126472,38.680519,0.16698,15.288105,-2.210922,125.51825,-145.592331
0.337046,-0.902154,-0.269292,0.646419,0.429699,-0.630477,-0.684502,-0.038425,-0.727997,61.341099,0.186355,0.138638,0.972652,-173.790436,115.627708,-329.941589,0.5807,0.0,-0.806777,-0.543391,0.232028,10.44208,137.910934,-78.13784,-13.349685,-1.228579,-4.872631,85.126472,38.22562,0.175409,15.383369,-0.884633,125.333786,-146.048828
0.311759,-0.928879,-0.199976,0.737295,0.369252,-0.565729,-0.599335,-0.02893,-0.799975,61.341099,0.172674,0.148896,0.97366,-151.737045,116.946152,-348.585876,0.44764,0.0,-0.861574,-0.456239,0.222566,9.523802,138.038727,-78.324448,-7.677237,-0.730722,-5.044652,85.126472,41.57497,0.071628,15.478731,-0.34445,124.253914,-146.511505
0.279906,-0.946882,-0.158323,0.778783,0.320389,-0.539303,-0.561382,-0.027654,-0.827095,61.341099,0.188249,0.155669,0.969706,-143.124283,116.928467,-355.692108,0.465569,0.0,-0.888957,-0.392733,0.23562,9.367769,138.549454,-78.71701,0.391164,6.788439,-3.634941,85.126472,42.983433,0.032859,15.574798,-1.318856,123.913986,-146.767273
0.426627,-0.841658,-0.331061,0.523662,0.528319,-0.668324,-0.737406,-0.111761,-0.666139,61.341099,0.20671,0.161713,0.964946,-187.793106,97.727165,-314.978516,0.65882,0.0,-0.691306,-0.673774,0.261007,11.206197,139.448761,-79.402901,12.035612,-6.497337,-10.988915,85.126472,39.603004,0.138529,15.686869,-1.523679,125.958153,-146.711227
0.436827,-0.835309,-0.333826,0.447019,0.523615,-0.725259,-0.780613,-0.167586,-0.602129,61.341099,0.199627,0.142954,0.969388,-198.093735,84.797874,-299.086304,0.592186,0.0,-0.658428,-0.7131,0.24075,11.886106,139.706406,-79.787544,2.291683,5.554828,-1.314107,85.126472,42.436485,0.180817,15.782257,-0.910374,127.130333,-146.988129
0.423262,-0.845681,-0.325075,0.484043,0.514375,-0.707899,-0.765867,-0.142276,-0.627061,61.341099,0.197784,0.146604,0.969221,-194.216858,91.362206,-305.330627,0.572658,0.0,-0.68349,-0.688128,0.243562,11.78104,140.088318,-79.632774,0.055495,11.809099,2.040755,85.126472,23.340023,0.165097,15.877785,-0.758284,127.301285,-146.934479
0.401767,-0.853601,-0.331586,0.495557,0.507159,-0.705134,-0.770069,-0.11898,-0.626767,61.341099,0.209477,0.157545,0.965038,-196.266663,97.715309,-305.393707,0.587507,0.0,-0.690901,-0.674543,0.260092,11.586052,141.103729,-80.010056,9.066619,14.297869,-11.919835,85.126472,38.06081,0.160282,15.973033,-1.746607,127.76976,-147.071747
0.493715,-0.792975,-0.356981,0.358203,0.559499,-0.74743,-0.792424,-0.241146,-0.560279,61.341099,0.215802,0.180404,0.959627,-202.4272,66.026123,-288.546753,0.679656,0.0,-0.563371,-0.779703,0.273271,11.561476,141.729263,-80.552383,-3.161952,-1.719265,2.008522,85.126472,38.31778,0.162492,16.068415,-2.260197,126.939835,-147.019852
0.525992,-0.776008,-0.348057,0.327867,0.562625,-0.758918,-0.784752,-0.285068,-0.550363,61.341099,0.20765,0.181999,0.961123,-200.112427,54.567783,-286.152618,0.65608,0.0,-0.535363,-0.801183,0.267378,11.343507,141.652359,-80.64653,-0.528034,1.36748,-0.656703,85.126472,43.216999,0.174487,16.163952,-1.883358,126.576256,-147.130386
0.534498,-0.773634,-0.340298,0.308682,0.553515,-0.773522,-0.786783,-0.308402,-0.53466,61.341099,0.204687,0.182142,0.961731,-200.339386,48.640877,-282.130768,0.67902,0.0,-0.524608,-0.809087,0.264886,11.496743,141.787079,-80.668297,5.539936,3.948249,-0.397317,85.126472,43.927235,0.165109,16.260429,-1.597389,126.543472,-147.075333
0.518166,-0.783614,-0.342714,0.33665,0.555225,-0.760521,-0.786238,-0.278702,-0.551502,61.341099,0.218371,0.176227,0.959822,-200.385559,56.794502,-286.287689,0.669255,0.0,-0.552947,-0.788087,0.270498,12.13282,142.032639,-80.537697,4.390944,0.630925,2.107864,85.126472,43.652519,0.16275,16.354643,-1.781128,127.194839,-146.977798
0.517853,-0.783458,-0.343543,0.341302,0.557452,-0.756809,-0.784437,-0.274664,-0.556074,61.341099,0.219964,0.173164,0.960016,-199.939041,58.009949,-287.444611,0.671168,0.0,-0.55701,-0.785621,0.269332,12.197597,142.031219,-80.488937,-0.216616,5.019267,-3.791265,85.126472,44.261677,0.146608,16.44997,-1.789529,127.390289,-146.979996
0.517881,-0.780724,-0.34967,0.338251,0.562328,-0.754568,-0.785739,-0.272501,-0.5553,61.341099,0.221953,0.175536,0.959127,-200.3936,58.479034,-287.109802,0.661969,0.0,-0.551137,-0.788866,0.271915,12.203786,142.025803,-80.39196,0.449772,0.896418,-0.731343,85.126472,44.680805,0.13354,16.545368,-1.915288,127.312881,-146.840683
0.512864,-0.786163,-0.344846,0.338495,0.554343,-0.760346,-0.788918,-0.273225,-0.550414,61.341099,0.224395,0.172794,0.959056,-201.26059,58.414867,-285.752014,0.66509,0.0,-0.558408,-0.783754,0.271863,12.343704,142.062927,-80.305374,1.523881,-3.073057,3.826109,85.126472,44.727409,0.134394,16.641972,-1.979239,127.431824,-146.716858
0.502846,-0.796469,-0.335832,0.360777,0.546456,-0.755795,-0.785485,-0.258888,-0.56213,61.341099,0.226309,0.17339,0.958499,-200.547272,62.047462,-288.702301,0.652169,0.0,-0.579588,-0.7669,0.275576,12.268074,142.163651,-80.27758,-1.2626,4.659336,-2.256213,85.126472,45.11829,0.123738,16.736216,-2.133128,127.442749,-146.707748
0.506904,-0.797067,-0.328225,0.368346,0.544546,-0.753519,-0.779339,-0.261061,-0.569629,61.341099,0.229896,0.17645,0.957086,-199.11412,61.346039,-290.619507,0.644368,0.0,-0.585436,-0.760523,0.280836,12.28994,142.285751,-80.337669,0.128141,5.37767,-3.269592,85.126472,45.524071,0.113461,16.848879,-2.252391,127.290352,-146.730728
0.50548,-0.802233,-0.317667,0.388209,0.540248,-0.746609,-0.770573,-0.254075,-0.584519,61.341099,0.234109,0.178676,0.95565,-197.107758,63.043701,-294.381012,0.637245,0.0,-0.601307,-0.745794,0.286744,12.235679,142.441711,-80.338226,1.825546,8.141911,-3.153035,85.126472,45.727661,0.110756,16.944365,-2.460304,127.223221,-146.730988
0.516025,-0.794556,-0.319998,0.371434,0.544191,-0.752259,-0.771852,-0.269326,-0.575941,61.341099,0.240814,0.182106,0.953334,-197.758575,59.04792,-292.158844,0.642042,0.0,-0.587524,-0.754481,0.292531,12.327663,142.557037,-80.437485,1.201316,-3.702095,2.382451,85.126472,45.55537,0.11708,17.039656,-2.788127,127.079941,-146.675705
0.525131,-0.78493,-0.32882,0.356614,0.553785,-0.752428,-0.772699,-0.277861,-0.570727,61.341099,0.242422,0.181663,0.953011,-198.159042,56.973591,-290.893097,0.666019,0.0,-0.572064,-0.766605,0.291649,12.239531,142.552368,-80.506058,-3.550683,-9.739882,6.682354,85.126472,44.830868,0.14065,17.135065,-2.974573,127.161552,-146.727081
0.492533,-0.805804,-0.328772,0.388562,0.541636,-0.745419,-0.778736,-0.239395,-0.579879,61.341099,0.229092,0.174498,0.957636,-199.445404,67.507904,-293.672699,0.634355,0.0,-0.601615,-0.748019,0.280225,11.756835,142.776855,-80.720772,-3.363743,-0.018612,-3.136488,85.126472,45.317799,0.117465,17.230431,-2.736005,127.979332,-147.194763
0.488953,-0.796755,-0.355115,0.378847,0.56066,-0.736298,-0.785748,-0.225481,-0.575985,61.341099,0.222663,0.17524,0.959016,-201.388489,71.479004,-292.915985,0.674631,0.0,-0.581463,-0.765715,0.274921,11.25096,142.91507,-80.870361,-6.600439,-3.302221,1.673844,85.126472,44.751122,0.119289,17.32696,-2.907932,128.435577,-147.421692
0.388794,-0.892714,-0.227818,0.55193,0.42367,-0.718246,-0.737707,-0.15351,-0.657436,61.341099,0.165344,0.138788,0.976422,-186.814392,89.648682,-314.282196,0.626922,0.0,-0.770762,-0.599489,0.215729,10.038969,141.761597,-80.594955,-33.587395,-14.612635,14.464521,85.126472,28.364975,0.13248,17.421453,-0.468882,128.42543,-148.213287
0.25563,-0.966444,-0.025277,0.823334,0.231332,-0.518273,-0.506729,-0.111674,-0.854842,61.341099,0.170668,0.125012,0.977366,-128.58931,98.286484,-363.89798,0.349028,0.0,-0.935633,-0.290476,0.200535,9.004913,140.83342,-79.441162,-5.111651,7.256819,5.993747,85.126472,43.377609,0.037609,17.516623,-0.589148,126.495522,-147.964249
-0.019516,-0.996812,0.077357,0.899296,-0.051312,-0.43432,-0.436905,-0.061091,-0.897431,61.341099,0.199206,0.134719,0.970653,-114.254333,110.505486,-373.600616,0.414109,0.0,-0.979916,0.018299,0.198567,8.629528,141.877716,-79.000259,-7.046153,11.773711,4.937918,85.126472,44.78582,0.034898,17.612173,-3.891856,125.937096,-146.908859
0.241942,-0.950086,-0.196978,0.683054,0.310956,-0.660865,-0.689131,-0.025344,-0.724194,61.341099,0.230071,0.144119,0.962443,-180.847061,121.35672,-328.937836,0.653414,0.0,-0.869071,-0.414614,0.269836,7.848503,141.547455,-78.830093,-2.713607,-4.473851,-3.233054,85.126472,40.296326,0.125378,17.70842,-6.772097,127.758591,-146.00589
0.312215,-0.92293,-0.225216,0.533389,0.366472,-0.762361,-0.786141,-0.117893,-0.606699,61.341099,0.22616,0.133147,0.964947,-206.033218,98.313431,-298.983704,0.630942,0.0,-0.80247,-0.536071,0.262048,7.636445,141.28772,-78.982193,0.288719,6.21043,-6.12051,85.126472,40.608562,0.139083,17.802898,-7.453388,128.093307,-145.731049
0.291507,-0.932761,-0.212087,0.55883,0.346007,-0.75365,-0.776359,-0.101174,-0.622118,61.341099,0.224728,0.125562,0.966298,-203.371414,102.694099,-302.779816,0.62543,0.0,-0.825678,-0.502067,0.257264,7.76046,141.089874,-78.737099,1.405443,-9.290971,9.797363,85.126472,40.491413,0.150466,17.915764,-7.262504,128.250717,-145.63237
0.257088,-0.944907,-0.202624,0.619768,0.322087,-0.715645,-0.741481,-0.058404,-0.668427,61.341099,0.222421,0.127051,0.966637,-194.119598,113.650955,-314.712982,0.621666,0.0,-0.854937,-0.451151,0.256017,7.83229,141.263992,-78.731598,-3.572439,-3.824313,1.704241,85.126472,40.177792,0.156448,18.010933,-6.820941,128.403885,-145.867691
0.250461,-0.94156,-0.225242,0.646916,0.335858,-0.684616,-0.720256,-0.025757,-0.69323,61.341099,0.227849,0.128647,0.965161,-189.040024,122.323494,-321.231323,0.630945,0.0,-0.854358,-0.449072,0.261548,7.621373,141.447693,-78.871559,0.073817,4.097376,-4.326315,85.126472,40.440792,0.147313,18.106375,-7.102656,128.829712,-146.120987
0.308625,-0.903032,-0.298804,0.596833,0.42845,-0.678396,-0.740636,-0.031034,-0.671189,61.341099,0.251062,0.134788,0.958541,-195.78418,121.433525,-315.552277,0.708505,0.0,-0.789548,-0.544361,0.283346,7.265406,141.536575,-79.024467,-5.492862,-3.514107,-1.954629,85.126472,39.44416,0.170445,18.201714,-8.698932,129.27269,-146.009293
0.325856,-0.883117,-0.337524,0.590799,0.468928,-0.656554,-0.738089,-0.014533,-0.674547,61.341099,0.248063,0.138507,0.958791,-195.040375,125.691101,-316.683807,0.733647,0.0,-0.764475,-0.579914,0.281563,7.011927,141.356903,-79.2015,1.349417,-7.57679,3.185099,85.126472,38.445988,0.19195,18.297346,-8.598577,129.362259,-146.292633
0.31843,-0.88001,-0.352399,0.572179,0.474821,-0.668697,-0.755787,-0.011298,-0.65472,61.341099,0.24155,0.139647,0.960288,-199.247375,126.868095,-311.920776,0.702368,0.0,-0.753914,-0.59604,0.276316,7.04848,141.608978,-79.491615,1.056396,4.809373,-5.930665,85.126472,37.547119,0.206767,18.392511,-8.335041,129.721985,-146.537872
0.264589,-0.907943,-0.325012,0.546379,0.41885,-0.725282,-0.794646,-0.014321,-0.606904,61.341099,0.224742,0.135498,0.964951,-208.45636,126.09108,-299.797211,0.765615,0.0,-0.77674,-0.573028,0.261371,7.251341,141.613083,-79.618309,4.075376,11.598546,-8.983987,85.126472,37.155418,0.211766,18.487978,-7.728093,129.708694,-146.492798
0.243942,-0.918577,-0.310979,0.550546,0.395157,-0.735357,-0.798368,-0.008176,-0.602114,61.341099,0.224296,0.130775,0.965707,-209.145065,127.821144,-298.585205,0.727165,0.0,-0.793663,-0.550523,0.258889,7.624293,141.64418,-79.637047,4.051009,6.620289,-5.827798,85.126472,36.829773,0.214674,18.583267,-7.476656,129.886414,-146.490631
0.763371,-0.520217,-0.382934,0.017767,0.609498,-0.792588,-0.645715,-0.598235,-0.474516,60.550186,0.226051,0.102918,0.968663,-176.631851,15.922445,-252.480927,0.790013,0.0,-0.247114,-0.955816,0.159221,-0.207968,178.065857,-65.742081,-7.955871,-15.445883,12.997721,85.110222,47.909153,0.145429,19.363729,-13.554735,167.008347,-132.640579
0.742763,-0.517305,-0.425086,0.030651,0.660484,-0.750214,-0.668852,-0.544202,-0.506439,60.55019,0.255713,0.086034,0.962917,-184.190369,29.80192,-259.657837,0.881624,0.0,-0.263978,-0.951967,0.155158,0.062679,176.730209,-64.84301,6.624141,-6.430846,0.96238,85.110222,46.421772,0.18382,19.459181,-15.27001,167.241516,-131.755264
0.747833,-0.500926,-0.435682,0.020012,0.67297,-0.739399,-0.663585,-0.544228,-0.513294,60.55019,0.251622,0.080115,0.964504,-181.679901,29.170088,-260.996582,0.794209,0.0,-0.244109,-0.959094,0.143349,0.967287,175.553101,-64.318962,16.962109,-14.289821,2.824331,85.110222,47.323566,0.157157,19.554558,-14.089787,166.616302,-131.362885
0.740296,-0.523365,-0.42196,0.033826,0.655857,-0.754127,-0.671429,-0.544004,-0.503232,60.55019,0.245333,0.087292,0.965501,-182.295456,27.947899,-257.314697,0.805518,0.0,-0.262178,-0.952851,0.152768,2.004361,174.889725,-63.230923,10.131708,-1.843845,9.157597,85.110222,48.272392,0.151621,19.650414,-12.724315,165.33757,-130.222168
0.730255,-0.535067,-0.424772,0.059588,0.669278,-0.740619,-0.680571,-0.515529,-0.520627,60.55019,0.25382,0.091195,0.962943,-184.043777,35.205437,-261.190613,0.88816,0.0,-0.287053,-0.943593,0.165026,3.086434,175.07373,-62.722336,4.725479,4.38859,3.158908,85.110222,46.323711,0.219353,19.7453,-12.163713,165.40361,-129.704926
0.735717,-0.549364,-0.39613,0.070811,0.644063,-0.761688,-0.673577,-0.532337,-0.512749,60.55019,0.246742,0.104451,0.963436,-181.62326,30.06315,-258.967926,1.033302,0.0,-0.303624,-0.935786,0.179214,3.202321,175.347015,-62.563549,2.400378,7.163596,-2.737447,85.110222,44.924561,0.27814,19.841274,-11.509683,164.506226,-129.471863
0.736254,-0.552402,-0.390873,0.069687,0.636433,-0.768178,-0.673107,-0.538335,-0.507072,60.55019,0.247304,0.107094,0.963001,-181.448257,28.786127,-258.094086,0.984232,0.0,-0.306162,-0.934317,0.182528,3.29483,175.848572,-63.189407,-2.133788,4.84402,-8.138298,85.110222,45.902893,0.252984,19.937462,-11.453283,164.744095,-130.031815
0.740301,-0.547385,-0.390288,0.055915,0.62867,-0.77566,-0.669946,-0.552399,-0.496012,60.40472,0.241901,0.110615,0.963975,-180.757324,25.003996,-255.729477,0.949803,0.0,-0.290027,-0.939819,0.180623,2.870737,175.869736,-63.656704,-7.575364,-4.624785,-2.551991,85.107506,46.344227,0.24022,20.031452,-11.561225,164.513214,-130.460815
0.751643,-0.544801,-0.371785,0.054181,0.612772,-0.7884,-0.657341,-0.572452,-0.490104,59.953335,0.221909,0.126602,0.966814,-177.114151,17.995142,-254.81575,0.779696,0.0,-0.274934,-0.943179,0.186612,1.925787,174.97081,-64.266258,-5.498631,-8.698251,-8.684542,85.080223,47.474266,0.164585,20.144192,-11.153915,162.523346,-131.07814
0.756709,-0.525678,-0.388656,0.038149,0.628995,-0.776473,-0.652637,-0.572737,-0.496021,60.230942,0.227161,0.120541,0.966368,-176.578857,17.891647,-256.413269,0.793971,0.0,-0.253878,-0.950668,0.178261,1.510245,174.312485,-64.389221,-0.266755,-5.963547,1.046761,85.038986,47.60891,0.158248,20.240389,-11.874171,162.432068,-131.233643
0.756002,-0.51672,-0.401822,0.028507,0.639281,-0.768444,-0.653948,-0.56949,-0.498028,60.302883,0.233813,0.114245,0.965546,-177.406708,18.714918,-256.668182,0.907174,0.0,-0.244711,-0.954189,0.17216,1.333347,173.697739,-64.268959,-2.968092,-7.615085,0.782821,84.98143,47.114147,0.17826,20.335016,-12.489218,162.33316,-131.071808
0.539399,-0.513426,-0.667415,0.240712,0.853549,-0.462074,-0.806912,-0.088587,-0.583991,59.792961,0.172571,0.151237,0.973317,-193.505524,85.870758,-262.33667,0.80016,0.0,-0.300835,-0.932835,0.198286,21.45623,117.012451,-47.407654,-49.29052,43.813797,-19.22263,84.989243,21.884357,1.0,21.064619,9.992512,108.211884,-115.057907
0.573784,-0.515759,-0.636212,0.255015,0.850701,-0.459647,-0.778293,-0.101494,-0.619644,59.792961,0.211433,0.189402,0.958865,-186.926697,83.676804,-272.24353,0.912104,0.0,-0.310753,-0.917112,0.249677,22.755589,120.735367,-48.751419,-11.702435,6.233355,-9.35436,84.989243,17.825006,1.0,21.158869,9.353781,109.273018,-115.973175
0.577208,-0.519674,-0.629897,0.35475,0.854354,-0.379778,-0.735516,0.004245,-0.677494,59.792961,0.179006,0.14899,0.972501,-174.268555,114.784294,-289.402527,0.888451,0.0,-0.393025,-0.895341,0.209512,21.996948,122.147583,-50.326996,2.377498,16.98258,-16.209219,84.989243,22.324146,0.99658,21.271502,11.223913,113.713638,-118.542885
0.567377,-0.548884,-0.613848,0.401544,0.835234,-0.375695,-0.71892,0.033326,-0.694294,59.792961,0.178916,0.138531,0.974063,-170.016586,123.698738,-294.391296,1.011809,0.0,-0.44053,-0.873969,0.205213,21.819628,123.190147,-50.918587,2.605239,9.207908,-4.631478,84.989243,20.718348,1.0,21.369402,11.290318,115.294098,-119.294807
0.574591,-0.552315,-0.603982,0.349827,0.832896,-0.428842,-0.739909,-0.035119,-0.671789,59.792961,0.186697,0.143687,0.971853,-175.894363,106.802307,-288.837524,1.007364,0.0,-0.404105,-0.890449,0.209282,21.980309,124.291428,-51.286194,-7.281891,17.305864,-1.165935,84.989243,17.601997,1.0,21.462294,10.706074,115.65921,-119.416595
0.489516,-0.646859,-0.584763,0.427121,0.762517,-0.485937,-0.760224,0.01189,-0.649552,59.792961,0.152151,0.135869,0.978974,-180.615997,119.292023,-283.031525,0.842481,0.0,-0.497917,-0.845092,0.194673,20.533424,124.754913,-51.058502,-0.234644,9.321678,-7.049284,84.989243,18.777414,1.0,21.558521,11.107729,116.29332,-119.218735
0.434895,-0.696028,-0.571323,0.399397,0.717739,-0.570379,-0.807061,-0.019871,-0.590133,59.792961,0.148661,0.15175,0.977176,-192.98996,111.398811,-268.239532,0.850625,0.0,-0.496344,-0.843219,0.206457,20.409721,126.211472,-51.784214,-1.371534,12.356709,-6.060379,84.989243,15.664164,1.0,21.653053,10.545777,116.410027,-119.411758
0.432972,-0.723106,-0.538194,0.390099,0.688565,-0.611311,-0.812624,-0.054732,-0.580212,59.792961,0.138757,0.140155,0.980359,-194.227798,103.181908,-266.09436,0.795695,0.0,-0.506161,-0.84083,0.191848,20.049377,126.523109,-52.091183,-3.1686,0.013299,2.415526,84.989243,14.222012,1.0,21.749046,10.710835,116.984909,-119.768509
0.418479,-0.74882,-0.51395,0.398294,0.659875,-0.637124,-0.816234,-0.06192,-0.574394,59.792961,0.13248,0.130709,0.982529,-194.427246,101.277107,-264.653015,0.755325,0.0,-0.529884,-0.828388,0.18165,20.441839,126.141098,-52.082272,7.725416,-4.406549,0.066908,84.989243,18.48682,1.0,21.84384,11.421668,116.892876,-119.794518
0.413206,-0.75023,-0.516155,0.489516,0.660942,-0.568797,-0.767877,0.017636,-0.640355,59.792961,0.148869,0.132381,0.979956,-181.765747,121.079063,-281.586975,0.756263,0.0,-0.597752,-0.777397,0.195824,21.292183,125.791054,-52.088657,6.056253,-5.831692,-3.189953,84.989243,34.670925,0.674491,21.939253,11.887913,116.631378,-120.093643
0.509902,-0.684916,-0.520471,0.499663,0.728321,-0.468919,-0.70024,0.020957,-0.7136,59.792961,0.170733,0.133615,0.976216,-164.619141,122.12365,-300.60025,0.790827,0.0,-0.568585,-0.795799,0.208362,21.791756,125.765457,-52.226513,8.0072,1.584523,2.770632,84.989243,35.404942,0.655343,22.034651,11.976911,116.838379,-120.634926
0.500072,-0.682241,-0.533362,0.497951,0.730434,-0.467451,-0.7085,0.03183,-0.704992,59.792961,0.17759,0.131585,0.975268,-167.31926,125.390106,-298.476288,0.78362,0.0,-0.567428,-0.796003,0.210723,21.701128,126.052597,-52.343819,2.351277,9.078131,-7.638451,84.989243,34.514709,0.678566,22.130093,11.359982,117.3629,-120.681725
0.496672,-0.652623,-0.572189,0.460553,0.756952,-0.463589,-0.735668,0.033272,-0.676524,59.792961,0.166393,0.134431,0.976853,-174.337402,126.01722,-291.163361,0.808821,0.0,-0.52644,-0.825553,0.203281,21.174337,126.06002,-52.297112,-10.911529,-6.010761,7.463104,84.989243,31.171665,0.765776,22.227549,11.193425,117.626312,-120.548256
0.481087,-0.638341,-0.600896,0.416694,0.769552,-0.483896,-0.771311,0.017594,-0.636215,59.792961,0.154989,0.139633,0.977999,-183.531128,121.640991,-280.359528,0.829197,0.0,-0.485947,-0.851141,0.198531,20.741219,125.735352,-51.862537,-2.262979,-2.833292,3.351308,84.989243,22.891531,0.981778,22.33814,10.988703,117.203835,-119.910278
0.486738,-0.633956,-0.600987,0.411393,0.77327,-0.482503,-0.770611,0.012389,-0.637185,59.792961,0.150069,0.137149,0.979117,-182.674026,120.409019,-280.813019,0.834913,0.0,-0.479921,-0.855724,0.193422,21.11108,125.651756,-52.015854,11.306309,0.570845,-2.782279,84.989243,26.66044,0.883459,22.434471,11.669184,117.284554,-120.11898
0.547502,-0.606685,-0.576347,0.40324,0.794783,-0.453561,-0.733239,-0.01592,-0.679785,59.792961,0.17372,0.143438,0.974293,-173.213959,112.669571,-291.627136,0.839456,0.0,-0.463713,-0.860879,0.209422,22.075171,125.619652,-51.983604,13.520814,1.145762,3.594691,84.989243,28.615995,0.832445,22.52895,11.70425,116.684425,-120.189827
0.630484,-0.614109,-0.474721,0.123264,0.683048,-0.719897,-0.766352,-0.395368,-0.506348,59.792961,0.225358,0.036999,0.973573,-221.119354,60.039108,-258.288971,0.658414,0.0,-0.35345,-0.928097,0.117086,-13.459536,165.265991,-63.329403,13.034832,-2.521982,8.631569,84.989243,46.798386,0.149504,23.361443,-27.850199,159.748337,-130.591217
0.642998,-0.605276,-0.46925,0.113941,0.681487,-0.722906,-0.757345,-0.41136,-0.50716,59.792961,0.224891,0.035592,0.973734,-218.003174,55.889759,-257.871429,0.583546,0.0,-0.345065,-0.93166,0.113749,-12.727788,165.163605,-62.686169,4.914095,-0.652088,2.283105,84.989243,47.144402,0.169184,23.475134,-27.005583,159.632065,-129.968872
0.648149,-0.619148,-0.443348,0.11461,0.654874,-0.746997,-0.752839,-0.433354,-0.495417,59.792961,0.226497,0.069558,0.971525,-216.953247,46.232002,-254.046249,0.664972,0.0,-0.347462,-0.926051,0.147308,-12.775696,163.465897,-62.050457,-6.675077,-23.485115,0.684787,84.989243,46.634777,0.178036,23.578238,-27.092022,155.521027,-129.105301
0.645258,-0.620915,-0.445091,0.108874,0.651399,-0.750883,-0.756167,-0.436055,-0.487922,59.792961,0.221941,0.061949,0.97309,-218.412903,43.961391,-252.379852,0.662209,0.0,-0.34422,-0.928746,0.137635,-13.603382,161.409424,-62.24577,-14.456449,-15.009562,-2.549601,84.989243,46.07547,0.154895,23.673691,-27.712458,153.931641,-129.329056
0.619852,-0.632317,-0.464714,0.179424,0.690718,-0.70051,-0.763931,-0.350832,-0.541596,59.792961,0.223549,0.019004,0.974507,-221.434235,67.51516,-266.515015,0.619515,0.0,-0.411971,-0.90427,0.112139,-14.663876,160.379776,-62.375698,-8.50468,-14.427443,6.476066,84.989243,42.150017,0.16035,23.769028,-28.775713,155.992706,-129.927933
0.642216,-0.603185,-0.472997,0.173788,0.715577,-0.676571,-0.746563,-0.352303,-0.564381,59.792961,0.22715,0.030043,0.973396,-217.509598,65.878296,-272.179932,0.639569,0.0,-0.386049,-0.914858,0.118324,-15.134826,159.565216,-62.193691,-2.101689,0.333373,1.550645,84.989243,38.389107,0.091597,23.86438,-29.231119,154.726883,-129.846649
0.617166,-0.608517,-0.498811,0.160884,0.718149,-0.677037,-0.770209,-0.337593,-0.541118,59.792961,0.232174,0.013968,0.972574,-224.417191,70.571083,-266.222961,0.639035,0.0,-0.382485,-0.918034,0.104492,-15.439436,159.367096,-62.285221,-0.240825,-6.78332,6.623524,84.989243,38.994389,0.062143,23.960964,-30.17532,155.709961,-129.756546
0.604929,-0.596671,-0.527299,0.182317,0.748398,-0.6377,-0.775127,-0.289627,-0.561511,59.792961,0.240873,-0.002254,0.970554,-225.987976,83.338776,-270.826294,0.648852,0.0,-0.393198,-0.914485,0.09546,-15.244445,158.574005,-61.691002,3.054039,-14.592871,8.271359,84.989243,38.971924,0.078922,24.055202,-30.50593,156.380844,-129.216827
0.605547,-0.602388,-0.52004,0.223819,0.756011,-0.615104,-0.763687,-0.256079,-0.592626,59.792961,0.223458,0.006705,0.97469,-221.715515,90.603699,-278.226471,0.582138,0.0,-0.41188,-0.905662,0.100658,-15.153821,157.721344,-60.87804,-2.15973,-1.058314,5.325429,84.989243,37.785782,0.105164,24.150579,-29.11849,155.18512,-128.769974
0.612088,-0.61127,-0.501695,0.253669,0.752668,-0.607572,-0.749,-0.244623,-0.615759,59.792961,0.219465,0.007759,0.975589,-217.76561,93.083984,-284.011963,0.581732,0.0,-0.437019,-0.893254,0.105415,-15.383274,157.472305,-60.638329,-6.319042,-1.413147,0.82693,84.989243,37.860004,0.103379,24.246031,-28.872635,154.776337,-128.721542
0.614527,-0.600901,-0.51115,0.229039,0.755921,-0.61329,-0.754915,-0.25981,-0.602164,59.792961,0.226456,0.00894,0.97398,-220.342957,89.647545,-280.696808,0.611577,0.0,-0.416659,-0.902959,0.105164,-15.931818,157.926636,-60.904583,-2.816548,5.997981,-4.429346,84.989243,43.270641,0.102943,24.341772,-29.958122,155.170044,-128.834915
0.624981,-0.586845,-0.514793,0.19977,0.757723,-0.621247,-0.754646,-0.285427,-0.590797,59.792961,0.240762,0.020627,0.970365,-221.312943,83.018204,-277.921234,0.676602,0.0,-0.391301,-0.91286,0.116492,-16.053867,158.551529,-61.220642,3.502639,1.041834,0.491074,84.989243,46.212925,0.093609,24.436827,-30.996105,155.001068,-128.925995
0.636514,-0.595292,-0.490384,0.181612,0.733624,-0.654838,-0.749578,-0.327754,-0.575074,59.792961,0.234372,0.01809,0.971979,-219.582901,71.953255,-274.168304,0.715099,0.0,-0.390223,-0.913992,0.111105,-15.997052,158.460907,-61.460724,-0.737871,2.658147,-5.639567,84.989243,43.90303,0.093821,24.549484,-30.544165,154.610825,-129.138306
0.645522,-0.585395,-0.490524,0.187363,0.744018,-0.641352,-0.740403,-0.322101,-0.589961,59.792961,0.233351,0.004986,0.97238,-216.801483,73.530952,-278.112732,0.73173,0.0,-0.393759,-0.913847,0.09918,-15.718831,157.746979,-61.520012,6.726683,-12.724819,2.95641,84.989243,43.800304,0.096946,24.644867,-30.076551,154.76265,-129.328247
0.621648,-0.584752,-0.521171,0.182452,0.75515,-0.62965,-0.761752,-0.296332,-0.576126,59.792961,0.252376,5.4e-05,0.967629,-222.979507,79.518356,-273.986816,0.724555,0.0,-0.392801,-0.913893,0.102501,-15.085026,156.653458,-61.180298,1.463917,-7.462859,-0.058004,84.989243,41.11742,0.073082,24.740662,-30.870613,154.25145,-128.691422
0.656097,-0.578659,-0.484448,0.185151,0.745732,-0.640002,-0.731611,-0.330208,-0.596412,59.792961,0.232663,0.014952,0.972442,-214.578201,68.826683,-279.190796,0.716701,0.0,-0.385615,-0.91651,0.106353,-15.864516,155.721878,-60.93018,-9.734438,18.397421,-8.307504,84.989243,41.828884,0.124881,24.835749,-30.070454,152.102966,-128.779449
0.772418,-0.438012,-0.459908,-0.077066,0.654145,-0.752433,-0.630421,-0.616636,-0.471518,60.026447,0.29055,0.209444,0.933656,-154.865005,17.802301,-257.652283,0.74822,0.0,-0.115891,-0.960864,0.251612,21.450184,190.172058,-73.696373,-12.975195,-14.140985,2.390589,84.97847,49.732822,0.139383,25.555477,4.103013,173.29422,-138.753479
0.764443,-0.479418,-0.431028,-0.053112,0.619475,-0.783218,-0.6425,-0.621618,-0.44809,58.905483,0.259486,0.195588,0.945734,-159.608856,14.734839,-251.341263,0.723049,0.0,-0.14373,-0.96055,0.238088,17.957088,187.79895,-72.913422,-23.874296,-22.688587,6.675903,84.984474,46.590439,0.218912,25.668203,2.415076,171.492935,-138.342972
0.763266,-0.463967,-0.449622,-0.08211,0.620615,-0.779804,-0.640845,-0.632117,-0.435598,58.979919,0.271695,0.197818,0.941833,-160.994522,10.147161,-247.446899,0.924434,0.0,-0.116559,-0.964678,0.236241,17.007303,185.938263,-72.406174,-3.478716,-19.388035,2.934409,84.987175,46.718021,0.235657,25.763521,0.61867,169.559067,-137.594543
0.759196,-0.459192,-0.461263,-0.079467,0.637996,-0.765928,-0.645992,-0.618145,-0.447874,58.979919,0.2746,0.177293,0.945072,-162.238968,13.626063,-250.671844,0.919186,0.0,-0.121673,-0.968548,0.21705,17.282562,184.468704,-72.245628,7.307221,-7.837579,1.268862,84.987175,46.289688,0.245427,25.858917,0.672142,169.514435,-137.723602
0.761221,-0.458249,-0.458858,-0.071472,0.643982,-0.761695,-0.644542,-0.612614,-0.457461,58.979919,0.276257,0.181543,0.943782,-161.090744,14.970461,-253.08783,0.862958,0.0,-0.12803,-0.966294,0.223349,18.103085,184.657104,-72.245941,5.671008,0.397085,3.43934,84.987175,46.703915,0.227127,25.954323,1.454642,169.463943,-137.72197
0.764858,-0.462978,-0.447933,-0.073877,0.627707,-0.774937,-0.639949,-0.625808,-0.445903,58.979919,0.269364,0.190919,0.943924,-159.137833,10.92605,-250.013397,0.870067,0.0,-0.124123,-0.965095,0.230621,18.447159,184.66156,-72.19046,2.260078,-0.637472,-1.409166,84.987175,47.568649,0.198007,26.049694,2.249364,168.746979,-137.562317
0.76846,-0.461963,-0.442786,-0.07637,0.620807,-0.780234,-0.635324,-0.633395,-0.441785,58.979919,0.266959,0.188622,0.945069,-157.893555,8.631995,-248.953415,0.865703,0.0,-0.123286,-0.965917,0.227608,18.342649,184.221146,-72.140213,-1.760009,-7.020151,-0.172975,84.987175,47.62072,0.195353,26.145138,2.327259,168.36618,-137.54068
0.767509,-0.468848,-0.437164,-0.069429,0.617153,-0.783774,-0.637268,-0.631905,-0.441119,58.979919,0.266308,0.182402,0.946472,-158.874268,8.436812,-248.550873,0.990775,0.0,-0.135287,-0.965138,0.224065,17.807085,183.340652,-71.838974,-7.610727,-6.954588,3.653867,84.987175,46.963799,0.217758,26.241566,1.836642,167.795364,-137.306213
0.769937,-0.468978,-0.432731,-0.065377,0.616593,-0.784563,-0.634762,-0.632355,-0.444078,58.979919,0.264023,0.181813,0.947225,-158.184631,8.513558,-249.272354,1.001534,0.0,-0.138951,-0.964659,0.223889,17.679411,183.521103,-71.760483,1.511136,5.108975,1.663823,84.987175,46.282516,0.242356,26.335913,1.894262,167.985596,-137.28157
0.766723,-0.468186,-0.439246,-0.068995,0.620149,-0.781444,-0.638259,-0.629457,-0.44318,58.979919,0.268374,0.185577,0.945271,-159.340439,9.143388,-248.918411,0.996163,0.0,-0.134787,-0.964382,0.227597,17.721004,183.594696,-71.733536,0.171076,-3.834136,-0.004829,84.987175,46.298771,0.242262,26.431276,1.620534,167.884644,-137.153915
0.76252,-0.46641,-0.448358,-0.076259,0.62339,-0.778183,-0.642454,-0.627572,-0.439779,58.979919,0.273653,0.186818,0.943511,-160.943344,9.057439,-247.831161,0.960445,0.0,-0.128009,-0.965155,0.228231,17.574278,183.045822,-71.605095,-7.282553,-10.532777,4.519997,84.987175,46.342026,0.242189,26.526924,1.075523,167.323257,-136.924286
