0.904292,-0.005711,-0.426875,0.169655,0.922371,0.347057,0.391756,-0.386262,0.835062,64.665619,-0.347191,0.295536,-0.890009,151.02803,61.197411,311.258667,3.141593,1.0,-0.137228,-0.95484,-0.263531,11.029965,184.770233,21.145681,18.286854,-4.432853,-3.52207,90.871498,3.085028,0.621667,3.095963,45.391788,165.352341,86.085457,
0.891863,-0.009934,-0.452197,0.188393,0.917068,0.351418,0.411204,-0.398608,0.81977,64.665619,-0.330989,0.248512,-0.910323,156.088989,60.588993,308.125854,3.141593,1.0,-0.138968,-0.967017,-0.213461,11.61085,184.740662,21.01333,2.222496,8.675725,0.297775,90.871498,3.302073,0.633839,3.192383,45.208591,168.072906,87.076118,
0.91582,-0.028332,-0.400588,0.17161,0.929455,0.326594,0.363076,-0.367846,0.856075,64.665619,-0.379913,0.30313,-0.873944,143.839951,67.582314,316.083923,3.141593,1.0,-0.145789,-0.952596,-0.267034,9.846972,186.448395,21.381454,-16.649014,-0.378646,1.309334,90.871498,0.535321,0.581984,3.293156,45.937199,166.771469,85.244583,
0.919601,-0.030179,-0.391693,0.167761,0.931731,0.322076,0.355233,-0.361892,0.861884,64.665619,-0.38983,0.304703,-0.869016,141.026566,70.267006,317.378998,3.141593,1.0,-0.144103,-0.952232,-0.269238,8.628554,187.523102,21.42642,-1.982168,9.747031,-2.40072,90.871498,0.375834,0.592936,3.382034,45.238594,167.850632,84.973473,
0.920383,-0.019832,-0.390514,0.154365,0.936023,0.31628,0.359257,-0.351381,0.864561,64.665619,-0.394259,0.32315,-0.86031,142.297226,73.206413,317.820618,3.141593,1.0,-0.142413,-0.946313,-0.29019,8.50634,188.639267,21.62641,-5.919264,8.647031,5.36835,90.871498,0.984159,0.594798,3.478833,45.424141,167.955597,84.693108,
0.920352,-0.037632,-0.389276,0.17273,0.932132,0.318268,0.35088,-0.360158,0.864389,64.665619,-0.399366,0.330868,-0.855005,140.524734,70.728676,317.755768,3.141593,1.0,-0.159759,-0.943452,-0.290473,8.71555,189.231186,22.029093,4.705347,2.468813,13.844106,90.871498,0.65717,0.591042,3.590171,45.910515,167.844803,84.674561,
0.918142,-0.048929,-0.393219,0.19591,0.918629,0.343132,0.344434,-0.392079,0.853018,64.665619,-0.418545,0.319084,-0.850297,140.184067,61.797756,314.109863,3.141593,1.0,-0.162688,-0.947446,-0.27546,8.99151,188.498123,22.067631,4.551323,-12.695197,-0.423723,90.871498,0.121995,0.587161,3.685563,47.30809,167.521301,84.095047,
0.917857,-0.016339,-0.396574,0.156226,0.933373,0.323123,0.364872,-0.358536,0.859256,64.665619,-0.389204,0.312164,-0.866645,145.359161,70.247658,316.780853,3.141593,1.0,-0.137139,-0.949979,-0.280593,10.320074,186.972748,21.654161,-1.87957,12.228936,10.947452,90.871498,0.284181,0.59964,3.780933,46.972057,166.926315,85.083954,
0.910069,-0.006298,-0.414408,0.146499,0.940225,0.307432,0.387701,-0.340495,0.856593,64.665619,-0.364529,0.298986,-0.881888,151.072556,75.531868,317.254761,3.141593,1.0,-0.130798,-0.954104,-0.269404,11.171322,186.384079,21.74118,7.810173,3.215714,4.440131,90.871498,2.742043,0.627581,3.876448,46.529728,167.34581,86.275902,
0.907828,-0.007018,-0.419284,0.152619,0.936818,0.314769,0.390584,-0.349747,0.851541,64.665619,-0.361625,0.292186,-0.885355,152.132263,73.431793,316.292603,3.141593,1.0,-0.131105,-0.956123,-0.261991,11.598288,186.463745,21.976177,3.239464,0.631587,0.46931,90.871498,3.176496,0.634559,3.971745,46.812008,167.740463,86.676064,
0.920092,-0.014697,-0.391427,0.14841,0.937873,0.313639,0.362499,-0.346668,0.86511,64.665619,-0.382319,0.309485,-0.870661,145.479507,73.806229,319.381683,3.141593,1.0,-0.133391,-0.950859,-0.279418,11.542213,187.022598,22.301811,13.779683,-6.677763,-5.48255,90.871498,1.021547,0.599688,4.067093,47.732216,167.284821,86.106178,
0.918781,-0.019167,-0.394303,0.156413,0.93475,0.319026,0.362459,-0.35479,0.861828,64.665619,-0.38629,0.309474,-0.868911,145.854202,72.02166,318.537689,3.141593,1.0,-0.137899,-0.950823,-0.277343,11.668609,187.541397,22.537659,8.343503,-2.336636,-2.056688,90.871498,0.929448,0.601998,4.16248,48.117653,167.690063,86.147148,
0.910346,0.007184,-0.413786,0.142048,0.933683,0.328722,0.388706,-0.358028,0.848954,64.665619,-0.361128,0.299339,-0.883166,151.878464,71.356232,315.921692,3.141593,1.0,-0.119844,-0.954123,-0.274384,11.938536,187.071198,22.39098,-11.40719,-10.860495,5.020073,90.871498,3.589674,0.644969,4.257919,47.064407,167.897903,87.002579,
0.922842,-0.002907,-0.385169,0.140126,0.933987,0.328684,0.358787,-0.357295,0.862329,64.665619,-0.403828,0.325841,-0.85484,143.667831,70.432999,319.290802,3.141593,1.0,-0.126778,-0.945336,-0.300446,9.470308,187.543549,24.059963,-34.321075,10.556905,24.03237,90.871498,1.241482,0.599004,4.353345,46.921528,166.777084,86.765106,
0.924961,-0.034471,-0.378497,0.174056,0.923726,0.341227,0.337865,-0.381501,0.86041,64.665619,-0.4006,0.304698,-0.864106,137.540054,64.972282,320.212646,3.141593,1.0,-0.141245,-0.95235,-0.270333,9.355048,187.681992,25.045946,16.398476,5.793869,24.337568,90.871498,0.221853,0.606191,4.449437,46.435402,167.843369,88.204643,
0.910961,-0.029727,-0.41142,0.171414,0.934484,0.312022,0.37519,-0.354763,0.856374,64.665619,-0.356829,0.268943,-0.894619,148.753021,75.006363,321.626007,3.141593,1.0,-0.140218,-0.962232,-0.233341,12.799324,188.076141,25.446251,17.132627,21.953018,2.996664,90.871498,0.997629,0.608287,4.544078,47.583611,170.667526,90.706276,
0.806868,-0.398729,-0.435867,0.394287,0.91294,-0.105257,0.439889,-0.086928,0.893835,64.665619,-0.30403,0.062945,-0.950581,135.412567,109.656082,337.845673,3.141593,1.0,-0.40602,-0.911216,0.069521,-15.957788,137.279602,28.214216,25.083466,0.798002,-14.58473,90.871498,5.157353,0.711166,5.948996,16.797222,133.096146,96.824509,
0.802351,-0.414382,-0.42956,0.408473,0.905994,-0.111018,0.435182,-0.086388,0.896188,64.665619,-0.303779,0.040747,-0.951871,135.839218,110.771439,338.229645,3.141593,1.0,-0.414165,-0.905395,0.093419,-14.20128,136.949432,27.875978,12.758512,9.099502,1.04687,90.871498,3.269283,0.719897,6.044492,18.493011,134.065781,96.573936,
0.793469,-0.430828,-0.429878,0.427004,0.897386,-0.111206,0.433677,-0.095321,0.896013,64.665619,-0.296905,0.044877,-0.953852,135.769714,108.951721,338.292206,3.141593,1.0,-0.432896,-0.896679,0.09256,-13.434115,138.076035,27.802818,4.56845,14.173845,-5.499681,90.871498,3.692526,0.722947,6.141036,18.829533,134.654922,96.683891,
0.802966,-0.423728,-0.419165,0.431294,0.898472,-0.082053,0.411377,-0.114898,0.904195,64.665619,-0.297941,0.062314,-0.952548,129.70842,104.319244,339.95993,3.141593,1.0,-0.432983,-0.898135,0.076675,-13.298969,140.016327,27.276232,-5.2101,23.608822,-8.608635,90.871498,4.337336,0.704263,6.23507,18.781366,135.301208,96.145355,
0.810391,-0.392278,-0.435182,0.416062,0.908274,-0.043942,0.412502,-0.145453,0.899269,64.665619,-0.315083,0.085374,-0.945216,130.322067,96.123688,337.33783,3.141593,1.0,-0.412306,-0.909365,0.055304,-14.049938,141.619644,26.631517,-6.876262,8.33698,-10.274647,90.871498,3.648472,0.695899,6.330534,19.091515,135.344849,94.851318,
0.798679,-0.407027,-0.443216,0.422145,0.903871,-0.069362,0.428843,-0.131704,0.893727,64.665619,-0.317983,0.073471,-0.945245,134.574692,100.56012,335.400421,3.141593,1.0,-0.421426,-0.90404,0.071501,-14.568097,141.559479,26.283577,-3.875437,-5.427427,-3.018005,90.871498,2.817418,0.681661,6.426,18.938009,136.073837,94.408356,
0.802606,-0.403111,-0.439688,0.415908,0.906556,-0.071942,0.427603,-0.125129,0.895265,64.665619,-0.319582,0.08143,-0.944053,134.235168,102.048439,335.623199,3.141593,1.0,-0.418744,-0.905873,0.063617,-14.654977,141.669083,26.163631,64.267639,2.86688,3.721873,90.871498,3.139779,0.679904,6.531578,18.932783,135.789261,94.216606,
0.804492,-0.404379,-0.435053,0.416423,0.906288,-0.072346,0.423538,-0.122965,0.897494,64.665619,-0.315706,0.074703,-0.945912,133.261688,102.761917,336.110321,3.141593,1.0,-0.417902,-0.905949,0.067931,-14.248564,141.348251,25.874525,14.740259,-1.227908,-6.637767,90.871498,2.953114,0.680047,6.616668,19.055264,135.919144,94.1026,
0.803449,-0.417604,-0.424355,0.427567,0.900711,-0.076851,0.414314,-0.119695,0.902229,64.665619,-0.309311,0.055283,-0.949353,130.616287,104.81839,337.516266,3.141593,1.0,-0.424648,-0.901277,0.085873,-13.915602,141.349411,25.690325,-2.850633,7.316597,-1.132371,90.871498,2.282865,0.67583,6.714993,18.897142,137.093826,94.231743,
0.802853,-0.390904,-0.450134,0.40903,0.910471,-0.061128,0.433729,-0.135042,0.890866,64.665619,-0.318525,0.074989,-0.944944,136.029388,100.823418,334.401947,3.141593,1.0,-0.40768,-0.910798,0.065143,-14.510601,142.71347,26.093096,-13.503515,8.417612,15.902589,90.871498,0.820213,0.668005,6.812053,19.074963,137.237183,94.181366,
0.806055,-0.394996,-0.440741,0.408518,0.91017,-0.068579,0.428238,-0.124772,0.895011,64.665619,-0.318005,0.067556,-0.945679,133.065445,104.736885,336.972717,3.141593,1.0,-0.407386,-0.910417,0.071955,-15.900167,143.283035,27.460005,-7.261568,11.631886,10.743571,90.871498,2.371971,0.680965,6.921077,17.591761,138.381424,95.634544,
0.81708,-0.368365,-0.443494,0.381289,0.922268,-0.063559,0.432433,-0.117167,0.894021,64.665619,-0.312736,0.080853,-0.946393,132.738632,108.173439,338.056244,3.141593,1.0,-0.386175,-0.921127,0.048918,-17.060429,145.193069,28.691751,-11.990401,14.924807,10.789044,90.871498,1.065418,0.684558,7.015534,16.13368,139.767288,96.984985,
0.821466,-0.335614,-0.461039,0.355412,0.933561,-0.046325,0.445955,-0.125805,0.88617,64.665619,-0.313752,0.081921,-0.945964,135.753525,107.220818,336.323547,3.141593,1.0,-0.358183,-0.932877,0.038013,-17.875629,146.454269,29.151062,0.071343,2.348417,4.96924,90.871498,0.150447,0.689869,7.111086,15.502424,141.14386,97.369293,
0.815981,-0.347998,-0.461598,0.372679,0.927092,-0.040138,0.441912,-0.139276,0.88618,64.665619,-0.312245,0.0895,-0.945776,133.989304,103.887825,336.080719,3.141593,1.0,-0.374109,-0.926693,0.035817,-18.430336,147.525284,28.9144,-13.490193,18.212593,-5.450278,90.871498,1.366045,0.685857,7.207228,14.828394,141.443314,97.123604,
0.815352,-0.374781,-0.441294,0.402348,0.91487,-0.033584,0.416313,-0.150171,0.896734,64.665619,-0.330574,0.124028,-0.935595,126.521873,98.68364,337.481781,3.141593,1.0,-0.406306,-0.913461,0.022466,-19.867489,147.836365,28.21501,-10.098546,-5.454849,-9.314034,90.871498,2.63867,0.651055,7.301789,14.26363,139.177124,95.67897,
0.823957,-0.395067,-0.406223,0.40428,0.91217,-0.067103,0.397055,-0.108937,0.911307,64.665619,-0.337582,0.118317,-0.93383,121.320259,109.081818,340.134155,3.141593,1.0,-0.416037,-0.908663,0.03527,-20.101358,146.41777,26.990896,4.018761,-21.511354,-15.683867,90.871498,2.766433,0.65626,7.397158,14.255111,138.456573,94.401756,
0.825424,-0.391182,-0.407004,0.401835,0.913537,-0.063082,0.39649,-0.111479,0.911245,64.665619,-0.3215,0.100573,-0.941553,121.256393,108.560638,339.565674,3.141593,1.0,-0.409034,-0.911538,0.042301,-19.011597,145.436569,25.798048,10.96923,-6.567713,-10.718241,90.871498,3.231688,0.67574,7.49287,14.343587,138.620895,93.849846,
0.826941,-0.356953,-0.434457,0.387672,0.921595,-0.019298,0.407282,-0.152468,0.900486,64.665619,-0.317135,0.0794,-0.945051,124.281128,97.450439,335.819092,3.141593,1.0,-0.37786,-0.924559,0.049122,-18.725681,144.199234,24.766352,-5.546619,-15.915648,-7.741054,90.871498,1.991203,0.689281,7.588873,14.458213,138.563248,93.004555,
0.826135,-0.368404,-0.426355,0.385136,0.921505,-0.049985,0.411304,-0.12291,0.903174,64.665619,-0.326177,0.086623,-0.941331,125.469368,103.735435,335.279785,3.141593,1.0,-0.385545,-0.921397,0.048805,-19.227093,142.721222,23.807903,-11.31996,-4.580323,-7.749558,90.871498,1.679465,0.693962,7.683282,14.562047,136.877991,91.740509,
0.835822,-0.397098,-0.379097,0.390388,0.915403,-0.098155,0.386004,-0.065955,0.920136,64.665619,-0.334477,0.10758,-0.936243,117.799995,118.140236,339.696381,3.141593,1.0,-0.411125,-0.9106,0.042243,-20.328579,142.708572,23.895037,-13.328013,16.97489,9.760107,90.871498,2.108191,0.680692,7.778714,13.71463,135.924805,91.583138,
0.837039,-0.405253,-0.367608,0.403543,0.910967,-0.085391,0.369484,-0.07687,0.926052,64.665619,-0.328608,0.09096,-0.940076,112.29554,115.724556,342.513,3.141593,1.0,-0.413768,-0.908614,0.056719,-20.836939,142.351517,24.777689,2.247029,-2.178056,0.915871,90.871498,2.790405,0.66978,7.876436,12.664789,136.452408,92.804573,
0.843018,-0.38412,-0.376527,0.383209,0.920129,-0.080705,0.377454,-0.076252,0.922884,64.665619,-0.330143,0.103726,-0.938215,115.714806,114.677086,341.37262,3.141593,1.0,-0.398346,-0.916412,0.038856,-19.737957,141.763458,24.624575,19.978188,-8.615215,-3.45317,90.871498,3.05128,0.680302,7.988096,13.935081,135.238449,92.518539,
0.828789,-0.400375,-0.390908,0.401662,0.912059,-0.082559,0.389586,-0.088589,0.91672,64.665619,-0.318284,0.060842,-0.946041,119.700645,112.536194,340.206787,3.141593,1.0,-0.4035,-0.911724,0.077118,-18.428305,140.477661,24.615414,12.166346,-3.81297,1.545942,90.871498,2.538021,0.682975,8.082452,14.649501,136.424026,93.014839,
0.820916,-0.414731,-0.392549,0.411418,0.90626,-0.097095,0.39602,-0.081795,0.914592,64.665619,-0.313615,0.065144,-0.947313,121.72863,114.664421,339.963287,3.141593,1.0,-0.418416,-0.905047,0.076282,-17.926819,141.114792,24.85144,1.839821,13.636548,2.066518,90.871498,2.750533,0.675704,8.177593,14.942542,136.720215,93.345146,
0.951754,-0.112443,-0.285517,0.220483,0.897722,0.381423,0.213426,-0.425972,0.879202,64.665619,-0.239153,0.430783,-0.870191,88.714584,57.110966,281.144165,3.141593,1.0,-0.220981,-0.896826,-0.383236,5.233764,201.344437,-21.026983,-13.075252,-11.163427,4.413978,90.871498,6.446429,0.620106,9.634444,31.164476,171.97374,44.06871,
0.946268,-0.13294,-0.294793,0.225419,0.92478,0.306542,0.231867,-0.356523,0.905057,64.665619,-0.23555,0.473099,-0.848937,92.084328,72.107796,288.030975,3.141593,1.0,-0.256656,-0.872786,-0.415177,3.563299,199.873596,-20.059101,-19.725107,-14.440812,15.109326,90.871498,6.313268,0.61597,9.729832,29.561796,168.243744,43.983753,
0.945485,-0.137933,-0.295011,0.22334,0.933919,0.279131,0.237015,-0.329802,0.913813,64.665619,-0.234666,0.465638,-0.853295,92.475044,78.741074,291.204376,3.141593,1.0,-0.259917,-0.875903,-0.406495,2.554965,198.569946,-19.602249,-2.16456,-12.181215,0.691594,90.871498,5.697173,0.625081,9.826943,28.564236,167.671585,44.796169,
0.94665,-0.123635,-0.297605,0.213974,0.93168,0.293577,0.240977,-0.341594,0.908429,64.665619,-0.237024,0.47223,-0.84901,93.758919,75.189171,289.903778,3.141593,1.0,-0.249615,-0.874177,-0.416541,2.603816,198.657486,-19.166538,1.421218,9.665414,10.66511,90.871498,5.902381,0.623337,9.921587,28.779997,167.29953,44.947334,
0.941875,-0.148497,-0.301364,0.236823,0.929713,0.282044,0.2383,-0.33702,0.910841,64.665619,-0.233438,0.480332,-0.845451,92.625046,76.985535,291.189972,3.141593,1.0,-0.27574,-0.866482,-0.416145,2.386459,199.906799,-18.261286,-8.869381,7.811697,4.601247,90.871498,5.260035,0.623877,10.01601,28.367945,167.862396,45.583248,
0.939693,-0.151811,-0.306481,0.244709,0.924463,0.292378,0.238944,-0.349744,0.905861,64.665619,-0.249131,0.442316,-0.861563,91.458122,76.507812,291.365417,3.141593,1.0,-0.269883,-0.88608,-0.376863,0.075278,200.45668,-17.487751,-37.174164,-8.80027,14.279554,90.871498,4.223355,0.625292,10.114899,27.027267,170.81575,47.101402,
0.933165,-0.180472,-0.31086,0.265962,0.928433,0.259378,0.241802,-0.324719,0.914379,64.665619,-0.239348,0.480897,-0.843475,90.458183,78.959663,293.773834,3.141593,1.0,-0.309417,-0.861211,-0.403208,-1.201198,198.712357,-16.343151,0.045398,-7.654123,6.046552,90.871498,5.683,0.610251,10.225481,25.256704,166.519714,47.213017,
0.936495,-0.170338,-0.306533,0.25424,0.931838,0.25892,0.241535,-0.32041,0.915968,64.665619,-0.237556,0.46589,-0.852357,90.748466,81.907219,295.212219,3.141593,1.0,-0.294062,-0.870794,-0.394011,-0.692879,199.37709,-15.960127,8.353843,16.996717,3.812921,90.871498,5.944174,0.613014,10.321101,25.618862,168.305283,48.222851,
0.939989,-0.149138,-0.306886,0.245794,0.919799,0.305868,0.236657,-0.362943,0.901258,64.665619,-0.238956,0.442482,-0.864355,90.067543,72.861153,292.037109,3.141593,1.0,-0.266778,-0.885805,-0.37971,-0.027142,200.529709,-15.790264,4.254094,9.656391,-1.18495,90.871498,6.016964,0.610953,10.414895,26.253368,170.728165,49.014408,
0.941684,-0.151366,-0.300533,0.246679,0.917978,0.310589,0.22887,-0.366612,0.901784,64.665619,-0.239998,0.441087,-0.864779,87.893616,71.791138,292.188385,3.141593,1.0,-0.265978,-0.886604,-0.378403,-0.080542,200.389053,-15.803816,-3.925009,-4.540296,0.114294,90.871498,5.731732,0.609209,10.510299,26.179186,170.6474,49.023827,
0.942165,-0.14805,-0.300677,0.241358,0.922176,0.302223,0.232533,-0.357314,0.904575,64.665619,-0.243763,0.443107,-0.862691,89.071327,73.9459,292.751587,3.141593,1.0,-0.264118,-0.886233,-0.380569,-0.163683,200.039795,-15.880136,-1.257087,-7.352865,-4.046232,90.871498,5.939945,0.601885,10.607705,26.36923,170.295074,48.834545,
0.946679,-0.125733,-0.29663,0.221542,0.922529,0.316006,0.233917,-0.364873,0.901194,64.665619,-0.253586,0.435717,-0.863623,89.72242,71.890335,291.747101,3.141593,1.0,-0.240661,-0.893152,-0.37995,-0.462205,199.413544,-16.001459,-2.696631,-5.719269,0.236137,90.871498,5.959067,0.600609,10.701092,26.647011,170.277618,48.741615,
0.946581,-0.130103,-0.295054,0.221852,0.926783,0.303076,0.234019,-0.352344,0.906139,64.665619,-0.254015,0.443186,-0.859687,89.500359,74.624832,292.959259,3.141593,1.0,-0.246776,-0.88912,-0.385444,-0.756695,199.160645,-15.925244,-2.83278,-1.36879,-0.264733,90.871498,5.820377,0.601165,10.796488,26.397417,169.633896,48.620277,
0.942487,-0.149876,-0.298758,0.235866,0.931542,0.276762,0.236826,-0.331311,0.913316,64.665619,-0.247845,0.447847,-0.859073,89.799095,80.466957,295.183075,3.141593,1.0,-0.267815,-0.883856,-0.383502,-0.908564,199.592743,-15.651308,1.055549,5.54795,3.375581,90.871498,5.746494,0.606465,10.891854,25.939486,169.804382,48.90881,
0.941272,-0.155737,-0.299589,0.245819,0.924344,0.291825,0.231475,-0.348331,0.908342,64.665619,-0.246047,0.439596,-0.863838,88.318642,76.468567,294.217041,3.141593,1.0,-0.270079,-0.887033,-0.374473,-0.776531,199.860245,-15.492362,0.793159,5.540348,2.336803,90.871498,5.650209,0.604912,10.987673,25.901747,170.395523,49.28421,
0.945014,-0.140506,-0.295308,0.234867,0.919952,0.31389,0.227565,-0.365988,0.902367,64.665619,-0.250783,0.432919,-0.865846,87.816734,72.349174,292.801239,3.141593,1.0,-0.252393,-0.892734,-0.37326,-0.437634,200.107697,-15.376566,3.069596,5.538277,3.339214,90.871498,5.652123,0.603128,11.082675,26.454115,171.037262,49.479393,
0.946061,-0.132472,-0.29567,0.228635,0.919567,0.319567,0.229554,-0.36993,0.900254,64.665619,-0.251338,0.437415,-0.863422,88.350121,71.215981,292.20578,3.141593,1.0,-0.246524,-0.891567,-0.379912,-0.48343,200.318542,-15.260534,-2.945805,3.328606,3.374461,90.871498,5.978096,0.604156,11.178203,26.451174,170.966995,49.453857,
0.947434,-0.134232,-0.290433,0.22558,0.923979,0.308831,0.226899,-0.358113,0.905688,64.665619,-0.254385,0.444619,-0.858837,87.706322,74.491241,293.695526,3.141593,1.0,-0.248987,-0.888225,-0.386084,-0.581923,200.751694,-14.998454,-0.301672,2.998503,0.944322,90.871498,6.008353,0.604649,11.295698,26.523293,171.055878,49.478111,
0.944157,-0.142523,-0.297078,0.234136,0.924581,0.30055,0.231838,-0.353323,0.906319,64.665619,-0.252007,0.442895,-0.860428,89.138931,76.731155,294.196442,3.141593,1.0,-0.258385,-0.88764,-0.381225,-0.406391,201.620026,-14.745442,2.259707,13.702805,0.4913,90.871498,5.976924,0.604979,11.386924,26.624283,172.004044,49.808968,
0.943048,-0.144477,-0.299646,0.238006,0.922352,0.304336,0.232409,-0.358321,0.904208,64.665619,-0.251089,0.445695,-0.85925,89.342155,76.221214,293.874237,3.141593,1.0,-0.261618,-0.885898,-0.383067,-0.312714,202.718079,-14.398973,0.971029,6.536208,5.814119,90.871498,5.613372,0.61367,11.481531,26.673365,172.84198,50.056099,
0.944396,-0.139428,-0.297786,0.229702,0.927769,0.294076,0.235274,-0.346126,0.908209,64.665619,-0.250699,0.451627,-0.856261,90.215675,79.668686,295.091461,3.141593,1.0,-0.258741,-0.883589,-0.390286,-0.214456,203.106506,-14.156272,2.976274,3.198451,1.38677,90.871498,5.361341,0.61849,11.576919,26.774443,173.001099,50.194515,
0.790329,-0.129745,-0.598787,0.429091,0.814826,0.389794,0.437333,-0.565,0.699653,64.665619,-0.407689,0.37508,-0.832529,122.517143,90.35775,296.915558,3.141593,1.0,-0.356837,-0.904683,-0.232844,-34.510914,270.782349,49.539356,5.108835,-13.767454,-18.73752,90.871498,0.625221,0.61493,13.083513,4.591032,242.709076,108.25518,
0.776208,-0.148935,-0.612634,0.439213,0.824856,0.355957,0.45232,-0.545373,0.705673,64.665619,-0.388404,0.354238,-0.850681,126.071762,94.208275,296.934448,3.141593,1.0,-0.375042,-0.904009,-0.205209,-34.006645,268.071777,46.655319,0.190163,-23.117676,-19.695818,90.871498,0.959719,0.621475,13.174034,4.104453,241.267227,106.650772,
0.788841,-0.141682,-0.598043,0.430094,0.822359,0.372485,0.439032,-0.551046,0.709647,64.665619,-0.407462,0.341792,-0.846849,122.372696,90.893654,296.184448,3.141593,1.0,-0.352517,-0.914313,-0.199407,-35.123699,265.332001,45.128616,-18.992313,-33.969292,-13.616808,90.871498,1.47421,0.593742,13.268057,3.988529,239.4823,104.829193,
0.798444,-0.128106,-0.588283,0.4063,0.835715,0.369461,0.444306,-0.534013,0.71932,64.665619,-0.415482,0.364581,-0.83334,123.335243,93.711365,296.999969,3.141593,1.0,-0.339899,-0.91202,-0.229538,-36.090775,264.60849,44.095768,-4.611824,7.537447,-6.975991,90.871498,0.686248,0.587742,13.363453,3.528789,237.707123,103.0364,
0.796652,-0.143184,-0.587235,0.409792,0.84211,0.3506,0.444316,-0.51995,0.729544,64.665619,-0.411014,0.37259,-0.832012,122.639381,97.579483,299.015167,3.141593,1.0,-0.353438,-0.906409,-0.231308,-36.52182,265.148468,43.351845,2.029552,-12.624764,-13.083809,90.871498,0.554362,0.60361,13.463473,2.830327,237.783264,102.294746,
0.788396,-0.162371,-0.593352,0.435616,0.828403,0.352117,0.434362,-0.536082,0.723841,64.665619,-0.410323,0.376366,-0.830653,119.070557,93.50238,296.643707,3.141593,1.0,-0.374988,-0.899927,-0.222518,-37.282894,266.03476,42.743927,-8.607574,13.839985,-1.633674,90.871498,0.276687,0.59188,13.573786,1.945622,238.055878,101.461044,
0.78378,-0.174113,-0.596133,0.449512,0.821379,0.351106,0.428519,-0.543158,0.722046,64.665619,-0.412022,0.378343,-0.828912,116.040573,91.491379,295.47525,3.141593,1.0,-0.386661,-0.896346,-0.216927,-38.788738,266.237213,42.252674,-39.698528,-2.833297,-2.122968,90.871498,0.745076,0.593864,13.666959,0.491125,237.953079,100.776688,
0.791905,-0.152431,-0.591313,0.428675,0.828399,0.360546,0.434884,-0.539,0.721356,64.665619,-0.415088,0.399355,-0.817446,116.84108,90.902191,294.205261,3.141593,1.0,-0.373576,-0.894082,-0.247099,-39.938553,265.624268,41.844925,-8.393862,-9.877419,-5.373626,90.871498,0.069315,0.58743,13.762356,-0.424801,236.242538,99.692719,
0.795123,-0.133434,-0.591586,0.421449,0.823019,0.380815,0.436073,-0.552118,0.710637,64.665619,-0.41576,0.395109,-0.819166,117.163963,86.656761,290.862915,3.141593,1.0,-0.358839,-0.898895,-0.25144,-39.98489,264.670471,41.326134,1.276382,-7.038563,-7.905796,90.871498,0.225402,0.586577,13.858563,-0.422518,235.534485,99.240692,
0.800759,-0.127539,-0.58525,0.412215,0.826232,0.383952,0.434584,-0.548703,0.714187,64.665619,-0.408502,0.396627,-0.822079,117.109985,87.082649,291.616974,3.141593,1.0,-0.352693,-0.89929,-0.258621,-39.16972,264.194275,40.80513,13.230535,-2.049297,-1.328298,90.871498,0.100644,0.602981,13.954237,-0.074742,235.039459,99.03775,
0.807244,-0.12567,-0.576685,0.409088,0.823431,0.393202,0.425447,-0.553325,0.716119,64.665619,-0.416779,0.391878,-0.8202,116.066414,85.244881,291.921234,3.141593,1.0,-0.343116,-0.903375,-0.257265,-38.146278,263.252777,40.719891,14.870658,-26.423012,-3.633497,90.871498,0.148648,0.596188,14.048399,1.345461,234.447952,98.820778,
0.80895,-0.131537,-0.572972,0.407596,0.82784,0.385417,0.423633,-0.545325,0.723296,64.665619,-0.402862,0.381177,-0.83211,116.556374,86.966728,294.222229,3.141593,1.0,-0.344341,-0.905477,-0.248074,-36.30164,262.125793,40.157967,17.538422,-21.517883,-5.770088,90.871498,0.042734,0.601197,14.143762,2.32452,234.012604,99.18676,
0.815515,-0.110671,-0.568056,0.39068,0.829425,0.399278,0.426972,-0.547545,0.719646,64.665619,-0.404399,0.395081,-0.824847,118.199623,85.825806,292.867798,3.141593,1.0,-0.330357,-0.904093,-0.271073,-35.665829,262.327972,40.208511,-1.42945,9.24522,4.005492,90.871498,0.930767,0.602314,14.240731,3.067422,233.470413,98.816574,
0.816473,-0.117753,-0.565249,0.392135,0.831654,0.393169,0.423794,-0.542666,0.725198,64.665619,-0.407469,0.395911,-0.822936,117.692947,86.368774,294.127045,3.141593,1.0,-0.333335,-0.903442,-0.269594,-35.46907,261.566559,40.077942,2.717858,-4.336147,-0.209401,90.871498,0.801931,0.597159,14.334583,3.417503,232.697647,98.578529,
0.813421,-0.12748,-0.567535,0.396242,0.83573,0.380193,0.425839,-0.534138,0.730313,64.665619,-0.409479,0.397683,-0.821082,118.660965,87.64859,294.994202,3.141593,1.0,-0.341533,-0.901371,-0.266245,-35.203075,260.625824,39.690598,3.29252,-14.995289,-6.954219,90.871498,0.558515,0.600534,14.429928,3.834165,231.678101,98.066429,
0.808921,-0.135312,-0.572135,0.404974,0.833707,0.375404,0.426196,-0.535372,0.729201,64.665619,-0.406793,0.400784,-0.820909,118.760643,86.1007,294.095154,3.141593,1.0,-0.351926,-0.898016,-0.264036,-35.051647,259.715607,39.135685,1.29253,-6.708327,-5.638398,90.871498,0.742725,0.614214,14.527182,3.837506,230.462753,97.467331,
0.800296,-0.154429,-0.579377,0.424935,0.827791,0.366322,0.423032,-0.539363,0.728101,64.665619,-0.408701,0.379412,-0.830066,117.982277,84.435699,293.343262,3.141593,1.0,-0.362938,-0.902053,-0.233616,-35.081505,257.965515,38.211082,0.589929,-4.995057,-1.382169,90.871498,0.028136,0.612188,14.645513,3.9123,229.874161,97.0121,
0.809187,-0.161628,-0.564883,0.405866,0.848937,0.338494,0.424841,-0.503172,0.752548,64.665619,-0.413225,0.376855,-0.828991,118.423286,94.336739,299.90567,3.141593,1.0,-0.355754,-0.904813,-0.233991,-35.399986,257.463196,38.027256,-5.10851,-2.965006,4.370802,90.871498,0.055207,0.602372,14.733481,3.865702,230.016159,96.982323,
0.812109,-0.146318,-0.564862,0.395941,0.849262,0.349262,0.428613,-0.507291,0.747627,64.665619,-0.416215,0.392414,-0.82023,119.493828,92.92543,298.574554,3.141593,1.0,-0.349265,-0.901873,-0.254244,-35.558628,258.0896,38.597195,8.289328,-3.949103,1.996115,90.871498,0.198695,0.597734,14.82887,3.919143,229.715729,96.978088,
0.814056,-0.12718,-0.56669,0.403235,0.825992,0.393877,0.417988,-0.549148,0.723687,64.665619,-0.411713,0.414999,-0.811337,116.820801,82.295128,292.419373,3.141593,1.0,-0.34801,-0.894419,-0.280898,-34.983768,260.595703,39.603958,4.239172,31.487225,12.627319,90.871498,1.247781,0.608988,14.924293,4.111096,230.371872,97.278313,
0.817184,-0.111702,-0.565449,0.395208,0.822697,0.408632,0.419548,-0.557398,0.71644,64.665619,-0.425119,0.41132,-0.806282,117.366501,81.494164,290.980316,3.141593,1.0,-0.331801,-0.899592,-0.283977,-35.677284,261.701447,40.551235,-9.244465,9.109138,5.665431,90.871498,0.817785,0.592593,15.023729,4.235955,231.795517,97.79332,
0.814804,-0.110834,-0.569043,0.386535,0.835403,0.39076,0.432071,-0.538348,0.723531,64.665619,-0.423152,0.406996,-0.809504,119.643372,88.294899,293.452332,3.141593,1.0,-0.330595,-0.901193,-0.280283,-36.785625,262.883026,40.828739,-10.106436,11.050472,-0.618078,90.871498,0.575862,0.580874,15.115081,3.136263,233.459457,98.353432,
0.811273,-0.12083,-0.572046,0.39879,0.829849,0.390278,0.427555,-0.544748,0.72142,64.665619,-0.412979,0.390083,-0.822973,117.202103,88.163078,293.587067,3.141593,1.0,-0.336269,-0.90509,-0.260262,-37.358517,263.600861,40.666061,-6.371283,7.863317,-0.021555,90.871498,0.337636,0.589833,15.211899,1.912704,235.053467,99.05735,
0.801167,-0.130148,-0.584117,0.418346,0.81975,0.391149,0.427922,-0.557738,0.711203,64.665619,-0.416821,0.383977,-0.823907,116.953804,85.67012,290.679688,3.141593,1.0,-0.348345,-0.904677,-0.245389,-37.969048,264.486572,40.654716,-1.762553,4.325668,0.299226,90.871498,0.143987,0.583153,15.306508,1.565244,236.063354,98.904839,
0.798782,-0.13855,-0.58545,0.426157,0.817195,0.38805,0.424662,-0.559461,0.711804,64.665619,-0.413051,0.371011,-0.831709,115.875725,86.628616,291.149445,3.141593,1.0,-0.352173,-0.90728,-0.229822,-37.915108,265.187012,40.461548,0.324086,11.678839,-0.079818,90.871498,0.086134,0.588763,15.401214,1.366281,237.486359,99.212578,
0.801147,-0.14541,-0.580534,0.419189,0.82867,0.370926,0.427135,-0.54052,0.724841,64.665619,-0.410196,0.370404,-0.833391,116.555801,92.256958,294.838715,3.141593,1.0,-0.353156,-0.907027,-0.229309,-37.74509,265.470184,40.387245,2.312002,-8.1682,-3.050473,90.871498,0.192014,0.599494,15.496608,1.379539,238.007202,99.386597,
0.803498,-0.132753,-0.580316,0.409464,0.830846,0.376874,0.432122,-0.540437,0.721941,64.665619,-0.407944,0.364326,-0.837167,117.901779,92.715034,294.265839,3.141593,1.0,-0.341668,-0.911226,-0.230065,-37.651249,265.436493,40.320915,-0.232147,2.89062,0.502639,90.871498,0.169993,0.590753,15.592075,1.380796,238.442902,99.59565,
0.80807,-0.125287,-0.575609,0.398959,0.835312,0.378266,0.433421,-0.53531,0.724975,64.665619,-0.408653,0.372757,-0.833099,117.968719,93.134674,294.520264,3.141593,1.0,-0.335496,-0.91024,-0.242705,-37.977123,264.870544,39.952522,-8.645478,-0.136631,1.23605,90.871498,0.307888,0.594516,15.715656,1.097397,237.480118,99.031853,
0.800825,-0.362105,-0.477032,0.458213,0.883345,0.098703,0.385643,-0.297626,0.873326,64.665619,-0.473477,0.408266,-0.780473,86.751846,57.8339,304.401001,3.141593,1.0,-0.490862,-0.858042,-0.151059,-59.755692,166.417053,12.88429,-15.344397,-11.75439,-1.471527,90.871498,4.212918,0.708875,17.200615,-17.236135,138.088226,68.910065,
0.801721,-0.368431,-0.47064,0.457327,0.885116,0.086147,0.384832,-0.284302,0.87811,64.665619,-0.47571,0.408326,-0.779083,85.271553,60.007549,305.229858,3.141593,1.0,-0.495296,-0.856304,-0.14637,-61.14402,164.905182,12.492977,-10.193499,7.157724,1.412301,90.871498,2.87163,0.711688,17.29166,-18.497711,136.669083,68.448982,
0.797899,-0.357573,-0.485281,0.458484,0.88266,0.103462,0.391343,-0.305046,0.868215,64.665619,-0.48141,0.414745,-0.77216,86.593742,54.765961,302.296356,3.141593,1.0,-0.491055,-0.857346,-0.154347,-61.98735,165.802429,12.809487,-5.354415,20.247135,6.98391,90.871498,2.493537,0.715559,17.387737,-18.931181,137.021118,68.183525,
0.771529,-0.385431,-0.506149,0.500887,0.858527,0.109743,0.392244,-0.338193,0.855436,64.665619,-0.479415,0.41804,-0.771624,88.175461,46.497047,298.96463,3.141593,1.0,-0.517529,-0.844769,-0.136123,-60.50201,167.311752,13.231626,34.474056,4.991337,2.049071,90.871498,2.494096,0.735156,17.482485,-17.592505,137.690216,68.297806,
0.773622,-0.385492,-0.502897,0.504837,0.854621,0.121502,0.382948,-0.347877,0.855764,64.665619,-0.467747,0.410102,-0.782962,87.859306,45.264183,299.869019,3.141593,1.0,-0.513919,-0.846898,-0.136571,-57.513451,168.300781,13.208298,20.173124,14.240962,-5.02477,90.871498,3.256175,0.733814,17.57789,-15.402025,139.068756,69.113663,
0.797454,-0.363276,-0.481765,0.47035,0.87439,0.119222,0.37794,-0.321672,0.868152,64.665619,-0.476963,0.434429,-0.764053,88.217255,50.904945,301.440918,3.141593,1.0,-0.502123,-0.848162,-0.168799,-56.333664,167.909866,12.47326,-0.618247,-2.657547,-5.041867,90.871498,3.39711,0.673041,17.674189,-13.693537,137.643356,67.345062,
0.800037,-0.355393,-0.48336,0.466676,0.874954,0.129107,0.377034,-0.328863,0.865849,64.665619,-0.483326,0.434617,-0.759937,87.721565,48.803814,300.682343,3.141593,1.0,-0.494826,-0.85172,-0.172396,-56.962536,167.7435,12.64187,-21.184072,13.898778,10.29834,90.871498,3.068117,0.685522,17.768616,-13.945121,137.481232,67.207657,
0.782236,-0.364015,-0.505569,0.485488,0.864742,0.12854,0.390396,-0.345996,0.853157,64.665619,-0.48398,0.411582,-0.772246,89.734482,45.907814,298.745605,3.141593,1.0,-0.496098,-0.85602,-0.145318,-58.718475,168.280884,13.553035,-27.724934,-10.815648,16.405134,90.871498,2.829983,0.727973,17.864622,-15.535256,139.20517,68.693184,
0.784438,-0.369364,-0.498224,0.486337,0.864848,0.124555,0.384882,-0.340011,0.858055,64.665619,-0.481062,0.398511,-0.780876,86.426468,48.562401,301.057007,3.141593,1.0,-0.492842,-0.859573,-0.135056,-60.307686,168.448227,13.913242,-10.844443,2.342113,2.379147,90.871498,4.331232,0.697147,17.981335,-17.356384,140.245728,69.683899,
0.779392,-0.379516,-0.498514,0.488044,0.866695,0.103214,0.392888,-0.323741,0.860715,64.665619,-0.482606,0.40408,-0.777053,87.537292,53.909023,301.879822,3.141593,1.0,-0.504984,-0.85327,-0.130083,-61.525967,169.696579,14.297716,-6.745358,21.19673,2.921518,90.871498,3.392006,0.68821,18.072924,-18.404251,141.205246,69.78933,
0.773136,-0.391028,-0.499357,0.49843,0.861474,0.097112,0.39221,-0.323975,0.860936,64.665619,-0.479967,0.403825,-0.778817,86.913078,55.52739,302.447876,3.141593,1.0,-0.51456,-0.848601,-0.122897,-61.791077,171.476105,14.716285,7.613744,15.991087,2.596946,90.871498,2.628098,0.700155,18.167536,-18.84561,142.886826,70.297775,
0.76856,-0.373401,-0.519507,0.508377,0.849419,0.141564,0.388419,-0.372906,0.842657,64.665619,-0.470425,0.401665,-0.785726,86.144714,44.392704,298.180084,3.141593,1.0,-0.504069,-0.853151,-0.13434,-60.926434,173.826904,15.014672,9.232662,6.906239,-1.683363,90.871498,3.466542,0.758218,18.262917,-18.591873,144.946243,70.958885,
0.762174,-0.380197,-0.523967,0.517401,0.844204,0.140057,0.389086,-0.377849,0.840144,64.665619,-0.466245,0.391766,-0.79318,86.772781,43.451603,297.969452,3.141593,1.0,-0.50745,-0.852863,-0.122956,-60.22921,173.723587,15.024815,2.334689,0.498376,3.642941,90.871498,2.788306,0.735826,18.358316,-18.143658,145.337921,71.42598,
0.773527,-0.376075,-0.510121,0.502769,0.854182,0.132654,0.385848,-0.359085,0.849811,64.665619,-0.471038,0.397043,-0.787706,86.19268,48.568497,300.438599,3.141593,1.0,-0.501749,-0.855044,-0.130946,-60.19836,173.826172,15.135489,-1.918836,1.131211,2.020344,90.871498,2.302316,0.730265,18.453758,-17.85066,145.395096,71.288361,
0.770801,-0.378499,-0.512449,0.50833,0.85026,0.136596,0.384014,-0.365781,0.847784,64.665619,-0.473511,0.396441,-0.786525,85.898087,46.649822,299.756073,3.141593,1.0,-0.503124,-0.854696,-0.127907,-60.125252,173.760483,15.12755,-1.552089,3.222539,-1.151466,90.871498,2.340897,0.7309,18.549141,-17.650681,145.282196,71.152603,
0.760509,-0.38931,-0.519677,0.522233,0.842332,0.133226,0.385875,-0.372712,0.843911,64.665619,-0.474171,0.391213,-0.788742,86.53978,44.975487,298.800232,3.141593,1.0,-0.511381,-0.851628,-0.114976,-60.034344,173.807114,15.171064,7.517542,-7.249511,-0.376215,90.871498,1.965113,0.736972,18.645199,-17.510727,145.476608,71.240898,
0.771196,-0.377006,-0.512955,0.508671,0.849427,0.140453,0.382767,-0.369242,0.846847,64.665619,-0.480268,0.40599,-0.777505,86.126907,45.721981,299.034271,3.141593,1.0,-0.504539,-0.852968,-0.133739,-59.951931,174.377838,15.299202,1.344657,10.367397,3.917131,90.871498,1.624793,0.720593,18.740503,-17.085453,145.287537,70.683357,
0.793265,-0.34514,-0.501607,0.479219,0.86211,0.164668,0.375607,-0.371005,0.849279,64.665619,-0.495021,0.440939,-0.748684,84.847008,44.880249,298.314178,3.141593,1.0,-0.48903,-0.853619,-0.1794,-60.133614,175.918945,15.71679,-2.936056,7.817048,-1.42719,90.871498,1.329921,0.696068,18.836988,-16.434879,144.921082,69.307533,
0.795689,-0.34682,-0.496584,0.47823,0.862851,0.163655,0.371719,-0.3677,0.852421,64.665619,-0.49943,0.454255,-0.737714,84.344109,44.892067,298.537811,3.141593,1.0,-0.494662,-0.848587,-0.187641,-59.812119,175.849945,15.795795,6.321897,-6.319735,-1.983838,90.871498,1.543664,0.68529,18.930708,-15.889352,144.04184,68.683914,
0.794887,-0.365639,-0.484214,0.480417,0.866715,0.134181,0.370614,-0.339283,0.8646,64.665619,-0.48918,0.443924,-0.750755,84.171707,52.5201,302.323914,3.141593,1.0,-0.504998,-0.845976,-0.17118,-59.055347,175.03479,15.310205,3.51501,-11.205156,-2.54231,90.871498,1.900041,0.701759,19.046724,-15.76368,144.007202,69.186043,
0.79245,-0.366383,-0.487634,0.481123,0.86688,0.130539,0.374893,-0.338057,0.863234,64.665619,-0.487352,0.423133,-0.763837,85.354156,53.094162,302.397552,3.141593,1.0,-0.497284,-0.853532,-0.155537,-58.962498,173.943115,14.9169,4.60582,-22.368717,-5.275986,90.871498,2.027177,0.685428,19.14057,-15.7351,144.250687,69.627968,
0.771613,-0.408944,-0.487215,0.514596,0.851555,0.100225,0.373904,-0.328054,0.867512,64.665619,-0.479249,0.388804,-0.786862,84.812714,55.888077,304.609711,3.141593,1.0,-0.517291,-0.849389,-0.104637,-58.71188,172.120316,14.538421,-0.206923,-1.133115,1.068034,90.871498,1.675851,0.687835,19.234209,-16.009953,144.347244,70.686653,
0.776041,-0.385226,-0.499362,0.50653,0.852428,0.129587,0.37575,-0.353507,0.856648,64.665619,-0.486027,0.402907,-0.775528,85.191422,48.903637,301.149658,3.141593,1.0,-0.50496,-0.853737,-0.127078,-59.26878,172.96283,14.840205,-7.228249,14.118322,3.666965,90.871498,1.587418,0.694328,19.329758,-16.128908,144.22612,70.156044,
0.782588,-0.380306,-0.492873,0.498396,0.857152,0.129971,0.373038,-0.347359,0.860339,64.665619,-0.4885,0.408938,-0.770803,84.460411,50.4548,301.946655,3.141593,1.0,-0.501766,-0.854361,-0.135272,-59.394566,173.111954,14.89516,-1.40237,-0.715477,0.854765,90.871498,1.420061,0.695344,19.424999,-16.128792,144.119675,69.957565,
0.774748,-0.400435,-0.489303,0.512215,0.851201,0.114423,0.370676,-0.339277,0.864575,64.665619,-0.482245,0.402519,-0.778086,83.735481,52.432842,303.451996,3.141593,1.0,-0.5154,-0.84857,-0.119546,-59.067513,172.604126,14.76677,1.278656,-1.895574,-1.263899,90.871498,1.421911,0.700642,19.521015,-16.216631,143.918396,70.320702,
0.773247,-0.401223,-0.491029,0.513809,0.850246,0.114377,0.371605,-0.340737,0.863602,64.665619,-0.481589,0.404678,-0.777372,83.99749,52.110554,303.222137,3.141593,1.0,-0.517541,-0.847148,-0.12038,-59.024097,172.844269,14.858895,1.797864,1.55195,-1.912091,90.871498,1.493741,0.699962,19.61573,-16.205208,143.9897,70.353325,
0.768676,-0.410094,-0.490877,0.521341,0.846314,0.109343,0.370596,-0.339963,0.86434,64.665619,-0.479497,0.401693,-0.780209,83.754776,52.487843,303.642944,3.141593,1.0,-0.523585,-0.844449,-0.112985,-58.850174,172.898056,14.906186,2.617802,0.750051,-0.569505,90.871498,1.429742,0.7111,19.711132,-16.175707,144.158417,70.57505,
0.778303,-0.391583,-0.490823,0.506467,0.853567,0.122126,0.371128,-0.343637,0.862657,64.665619,-0.481615,0.412058,-0.773469,83.934204,51.565014,302.967865,3.141593,1.0,-0.512935,-0.848147,-0.132453,-58.962196,173.499939,15.085833,-4.121265,12.724968,3.008704,90.871498,1.642703,0.706342,19.807024,-16.139883,144.226044,70.353722,
0.923349,0.019811,-0.38345,0.098848,0.952741,0.287251,0.371019,-0.303136,0.877754,64.665619,-0.387256,0.219288,-0.895514,143.615097,85.663132,318.341766,3.141593,1.0,-0.065561,-0.975394,-0.210497,7.215332,180.487854,16.294212,6.720176,23.917763,16.666822,90.871498,3.088403,0.630552,21.731651,43.570305,167.403366,81.656731,
0.923576,0.024691,-0.38262,0.100414,0.947517,0.303526,0.370033,-0.31875,0.872625,64.665619,-0.384672,0.230815,-0.893729,144.213287,82.980034,317.940826,3.141593,1.0,-0.065607,-0.972619,-0.222951,8.248077,182.909271,17.370367,16.329683,13.989047,7.598261,90.871498,2.746132,0.633034,21.827686,44.434395,168.930466,82.639038,
0.914961,0.013458,-0.403319,0.121727,0.943685,0.307637,0.384746,-0.33057,0.861797,64.665619,-0.350017,0.234581,-0.906896,147.373932,80.002953,316.445892,3.141593,1.0,-0.087083,-0.972093,-0.217835,9.337864,183.723602,17.854437,2.559206,-6.575532,5.410337,90.871498,3.807248,0.653586,21.923151,43.627705,169.140732,84.063858,
0.912132,0.024561,-0.409161,0.116912,0.94115,0.317125,0.39287,-0.337095,0.855581,64.665619,-0.348463,0.200815,-0.915558,149.084732,79.082542,315.462097,3.141593,1.0,-0.06809,-0.979623,-0.188952,8.924562,182.375992,18.106556,-13.338922,-18.407225,-1.729893,90.871498,3.840675,0.653674,22.017803,43.147869,169.979752,84.755989,
0.917383,0.028622,-0.396975,0.115319,0.935511,0.333947,0.380933,-0.352136,0.854921,64.665619,-0.363473,0.191033,-0.911808,145.421097,74.122147,314.464233,3.141593,1.0,-0.055147,-0.981445,-0.18364,7.724645,180.89801,17.639772,-27.361864,-16.56348,-10.979862,90.871498,3.500627,0.654125,22.113646,42.703144,169.075012,83.936119,
0.91565,0.013137,-0.401761,0.111112,0.952254,0.284371,0.386315,-0.305025,0.870472,64.665619,-0.354304,0.198659,-0.913785,144.718567,85.255524,318.130829,3.141593,1.0,-0.072562,-0.980068,-0.184935,6.028926,179.438492,16.805605,-10.366544,-12.665637,-8.797461,90.871498,3.526502,0.641024,22.210457,40.549492,167.504898,83.409546,
0.919362,0.010002,-0.393285,0.087514,0.96943,0.229232,0.383555,-0.245166,0.890382,64.665619,-0.390174,0.233249,-0.890707,144.725906,100.071709,321.857727,3.141593,1.0,-0.082758,-0.972349,-0.218377,4.575376,179.636963,16.614033,-39.956314,25.06255,12.624806,90.871498,2.341757,0.603571,22.322285,41.301048,166.180206,81.767723,
0.92046,0.032169,-0.389511,0.073667,0.964464,0.253735,0.383832,-0.262247,0.885381,64.665619,-0.374468,0.22464,-0.899617,144.344788,95.396141,320.593964,3.141593,1.0,-0.059036,-0.974017,-0.218645,5.170259,179.056732,16.013697,18.193748,-12.017186,-11.33847,90.871498,3.535677,0.633271,22.416941,40.845169,166.110565,81.852402,
0.911657,-0.019045,-0.410511,0.130372,0.960729,0.244957,0.389724,-0.276836,0.878338,64.665619,-0.357548,0.197086,-0.912862,145.595566,92.683929,319.18988,3.141593,1.0,-0.101787,-0.979879,-0.171687,5.64963,179.090637,15.855854,-15.845128,24.378616,9.147968,90.871498,2.631911,0.604959,22.512194,40.507114,167.332169,82.347549,
0.926104,-0.016312,-0.376915,0.11089,0.966703,0.230626,0.360603,-0.25538,0.897077,64.665619,-0.370733,0.219824,-0.902349,137.975494,97.726799,323.64444,3.141593,1.0,-0.097345,-0.975431,-0.197633,5.405157,179.473587,15.737114,-4.527055,4.082611,0.686371,90.871498,2.015284,0.608738,22.607506,40.739578,166.589584,81.749153,
0.932959,-0.007745,-0.3599,0.099174,0.96661,0.236284,0.346052,-0.256136,0.902575,64.665619,-0.4058,0.249021,-0.879383,135.323639,96.468193,323.790741,3.141593,1.0,-0.096205,-0.968459,-0.229851,4.678596,180.171585,15.940469,-7.763542,3.184114,-1.412039,90.871498,1.555269,0.608947,22.70376,42.011158,165.534851,80.412827,
0.933656,0.010276,-0.358024,0.088297,0.962135,0.257875,0.347117,-0.272379,0.897396,64.665619,-0.421535,0.256745,-0.869707,135.729919,91.749138,321.788055,3.141593,1.0,-0.082205,-0.965952,-0.245314,3.869976,180.343185,16.030388,-13.022746,8.148874,3.321286,90.871498,1.607801,0.60029,22.798311,42.130306,165.195679,79.806755,
0.930414,0.004694,-0.366481,0.095798,0.962042,0.255534,0.35377,-0.27286,0.894648,64.665619,-0.432949,0.248073,-0.866611,137.407043,92.627213,320.764771,3.141593,1.0,-0.085317,-0.968348,-0.234572,2.971578,180.818054,16.114122,-7.96427,2.742027,-1.447803,90.871498,1.05345,0.591388,22.893682,42.013664,166.203522,79.524498,
0.930054,0.005629,-0.367379,0.090204,0.965784,0.243156,0.356178,-0.259288,0.897723,64.665619,-0.435995,0.241814,-0.866853,137.418915,96.614159,321.315826,3.141593,1.0,-0.082991,-0.969923,-0.228825,2.13062,180.585205,15.831157,-7.507646,-8.667408,-5.47953,90.871498,0.687989,0.582718,22.991016,41.376171,166.53067,79.246178,
0.929295,0.009218,-0.369222,0.079534,0.97124,0.224428,0.360672,-0.237926,0.901835,64.665619,-0.430083,0.235418,-0.871554,137.370926,102.240952,322.238586,3.141593,1.0,-0.079035,-0.971513,-0.223417,1.199454,179.803848,15.274764,-10.440588,-6.942377,-4.580188,90.871498,0.830278,0.563907,23.084513,40.116215,166.397263,79.060196,
0.926069,-0.003924,-0.377334,0.095905,0.96956,0.22529,0.364964,-0.244822,0.898256,64.665619,-0.415779,0.23186,-0.879414,137.638657,100.186012,321.410431,3.141593,1.0,-0.090426,-0.972704,-0.213704,1.100187,179.581894,14.905941,-2.656849,0.982917,-2.045128,90.871498,1.321495,0.556141,23.179853,39.226749,166.201981,79.19725,
0.926019,-0.001612,-0.377474,0.102951,0.963159,0.248445,0.363167,-0.268926,0.89207,64.665619,-0.40981,0.234261,-0.881577,136.65387,94.221581,319.895752,3.141593,1.0,-0.088424,-0.972111,-0.217214,0.991735,180.522217,14.922033,1.354775,12.485564,0.397483,90.871498,1.580342,0.557388,23.275249,38.726555,166.737152,79.350601,
0.921647,-0.0372,-0.386242,0.141503,0.959069,0.245282,0.361309,-0.280718,0.889187,64.665619,-0.390568,0.213407,-0.895497,135.795105,92.061279,319.768433,3.141593,1.0,-0.11435,-0.976472,-0.182831,1.74317,180.621658,14.744583,-4.932107,11.442816,7.841765,90.871498,0.178795,0.592976,23.371416,38.368786,167.756378,80.000633,
0.925339,-0.025941,-0.378251,0.12627,0.961788,0.242941,0.357495,-0.272565,0.893256,64.665619,-0.417904,0.227935,-0.879433,136.695648,93.502075,320.269196,3.141593,1.0,-0.106666,-0.97363,-0.201662,2.062163,180.565445,15.255288,1.157199,-6.87106,4.431793,90.871498,0.133573,0.584604,23.487341,40.297619,166.998703,79.404289,
0.928506,-0.016445,-0.370954,0.118601,0.959823,0.254309,0.351868,-0.280122,0.893152,64.665619,-0.429238,0.228435,-0.873826,135.6707,90.672432,319.883606,3.141593,1.0,-0.095615,-0.973544,-0.207535,1.957245,179.775543,15.293592,-0.239224,-14.64798,-2.801983,90.871498,0.399402,0.576253,23.578793,40.790123,166.207001,79.046654,
0.929397,-0.012994,-0.368853,0.110367,0.963437,0.24415,0.352194,-0.267621,0.896849,64.665619,-0.434451,0.222203,-0.872856,135.82695,93.142776,320.586517,3.141593,1.0,-0.090056,-0.974952,-0.203369,1.722954,178.298721,15.068868,-6.364183,-12.249348,-1.617708,90.871498,0.220798,0.569725,23.67474,40.858475,165.306458,78.752632,
0.928781,-0.010893,-0.370468,0.108498,0.96377,0.243671,0.354391,-0.266513,0.896313,64.665619,-0.441421,0.224378,-0.868794,136.571198,92.696304,319.992493,3.141593,1.0,-0.089449,-0.974411,-0.206207,1.427188,177.657715,14.924467,-0.017047,-3.316423,-2.392779,90.871498,0.142569,0.574212,23.769552,41.010189,164.561005,78.30304,
0.765615,-0.303643,-0.567128,0.361787,0.932199,-0.010697,0.531924,-0.19699,0.82356,64.665619,-0.419204,0.132283,-0.898204,151.764008,112.796371,329.801788,3.141593,1.0,-0.353993,-0.934843,0.027534,-32.45562,175.085114,44.125786,1.446675,6.570268,-5.127826,90.871498,5.066918,0.631583,25.40851,8.331475,165.914429,107.730141,
0.761318,-0.313314,-0.567652,0.37396,0.927387,-0.010325,0.529668,-0.204418,0.823204,64.665619,-0.413426,0.109062,-0.903982,151.582077,112.710838,329.703247,3.141593,1.0,-0.356063,-0.933109,0.050266,-31.663336,175.689896,43.727898,4.463185,22.941246,1.396675,90.871498,4.309468,0.638368,25.504679,8.757988,167.831879,107.727592,
0.756088,-0.325464,-0.567806,0.379224,0.924961,-0.02521,0.533403,-0.196264,0.822776,64.665619,-0.421208,0.124217,-0.898418,153.907349,116.284637,328.948151,3.141593,1.0,-0.36997,-0.927946,0.045155,-30.866526,178.044586,43.537216,-2.464776,32.833256,8.078191,90.871498,2.973584,0.620824,25.616758,10.075999,169.207031,107.087837,
0.759784,-0.317924,-0.567145,0.37606,0.926465,-0.015554,0.530385,-0.201463,0.823471,64.665619,-0.420274,0.130986,-0.897893,153.226273,115.56768,328.716034,3.141593,1.0,-0.366602,-0.929682,0.035971,-30.639799,179.161835,43.121273,0.971948,10.342176,-11.305896,90.871498,1.603634,0.613714,25.71324,10.208951,169.89183,106.668373,
0.765892,-0.30173,-0.567775,0.375416,0.926752,0.013913,0.521988,-0.223807,0.823066,64.665619,-0.430263,0.151843,-0.889841,150.76033,108.81749,327.337463,3.141593,1.0,-0.361336,-0.932305,0.015627,-31.347616,179.893143,42.431873,-13.632888,7.772386,-7.156032,90.871498,1.978429,0.604572,25.807655,10.007006,169.166779,105.398964,
0.768785,-0.308617,-0.560111,0.375158,0.926952,0.004183,0.517905,-0.213346,0.828407,64.665619,-0.430991,0.165925,-0.88697,148.219009,109.561951,327.644684,3.141593,1.0,-0.370185,-0.928938,0.006102,-32.790089,178.648148,41.441406,-14.149378,-26.935879,-6.067353,90.871498,4.095595,0.609125,25.902828,8.566755,167.090424,104.266174,
0.775318,-0.281926,-0.565154,0.357107,0.933752,0.024104,0.520919,-0.220509,0.824633,64.665619,-0.434028,0.157363,-0.887049,148.417419,107.124855,326.566101,3.141593,1.0,-0.344479,-0.938792,0.00201,-33.597755,177.437469,41.392368,-7.621498,1.372999,2.273554,90.871498,4.535801,0.613745,25.99905,7.952574,166.584763,104.205177,
0.774354,-0.290446,-0.562154,0.364804,0.930834,0.021579,0.517005,-0.221786,0.826751,64.665619,-0.432191,0.146171,-0.889856,147.283813,106.923119,327.2771,3.141593,1.0,-0.347457,-0.93758,0.014745,-33.527355,176.94458,41.335995,2.877484,4.207415,-1.125577,90.871498,4.004,0.611938,26.093618,7.874358,166.727234,104.345016,
0.777186,-0.288092,-0.55945,0.363701,0.93116,0.025747,0.51352,-0.223483,0.828464,64.665619,-0.430761,0.150925,-0.889757,146.689026,105.410049,327.335083,3.141593,1.0,-0.347149,-0.937767,0.008997,-33.056305,176.192596,40.900307,4.06202,-6.706247,-3.939734,90.871498,5.138077,0.618732,26.198683,8.219112,165.671814,103.941162,
0.771192,-0.303242,-0.559738,0.379342,0.925006,0.021518,0.511236,-0.228927,0.82839,64.665619,-0.424106,0.135438,-0.895427,146.178253,104.341148,327.417755,3.141593,1.0,-0.356609,-0.933844,0.027654,-32.538311,175.806519,40.614063,5.099301,6.287848,-0.100784,90.871498,4.986909,0.628001,26.284395,8.324313,166.070892,104.043694,
0.764675,-0.318149,-0.560404,0.394131,0.918913,0.016116,0.509835,-0.233197,0.828062,64.665619,-0.419113,0.119854,-0.899989,146.120697,103.972519,327.558502,3.141593,1.0,-0.365866,-0.9295,0.046595,-31.915228,175.782959,40.537205,3.866452,7.300551,1.589803,90.871498,4.647679,0.640375,26.379765,8.644411,166.853592,104.27285,
0.766337,-0.316614,-0.559002,0.394064,0.91887,0.019783,0.507386,-0.235443,0.828931,64.665619,-0.424053,0.126252,-0.896794,146.101074,103.021744,327.581299,3.141593,1.0,-0.365742,-0.929766,0.042049,-31.544966,175.851425,40.56377,3.722027,-7.537067,-1.198372,90.871498,4.436815,0.643658,26.476397,9.285259,166.508636,104.061554,
0.768903,-0.309048,-0.559712,0.384313,0.923021,0.018298,0.510971,-0.229174,0.828485,64.665619,-0.42724,0.134055,-0.894145,147.385529,104.30088,327.416595,3.141593,1.0,-0.36062,-0.932144,0.03256,-31.450996,175.793533,40.708614,1.194652,-2.029072,2.229627,90.871498,4.56065,0.632457,26.571692,9.602987,166.097198,104.016907,
0.766292,-0.319393,-0.55748,0.39133,0.920188,0.010712,0.509565,-0.226367,0.830121,64.665619,-0.427374,0.120742,-0.895976,147.268478,105.396645,328.003876,3.141593,1.0,-0.364024,-0.930137,0.04829,-31.187563,175.329315,40.742977,0.675899,5.224723,-1.172341,90.871498,3.78473,0.629513,26.665945,9.865057,166.436234,104.163071,
0.774173,-0.316271,-0.548296,0.377798,0.925888,-0.000639,0.507863,-0.20665,0.836284,64.665619,-0.432243,0.147613,-0.889593,147.283829,109.326408,329.431885,3.141593,1.0,-0.366658,-0.93005,0.023829,-30.980206,175.385803,40.885757,1.805717,1.920106,3.690631,90.871498,4.005505,0.634477,26.780895,10.339472,165.049301,103.929268,
0.778733,-0.320862,-0.539095,0.373313,0.927617,-0.012847,0.504195,-0.191246,0.842147,64.665619,-0.430683,0.142025,-0.891258,146.265427,113.689003,331.241272,3.141593,1.0,-0.365796,-0.930258,0.028524,-30.872246,175.078842,40.940681,-0.712099,0.095804,1.714258,90.871498,3.516443,0.630584,26.881933,10.309956,165.258255,104.157692,
0.778045,-0.315798,-0.543063,0.370778,0.92868,-0.008825,0.507118,-0.194489,0.839646,64.665619,-0.431068,0.143162,-0.89089,147.062225,112.868042,330.557709,3.141593,1.0,-0.362646,-0.931571,0.025772,-30.916559,175.204315,40.975468,-0.192408,2.053273,-2.177354,90.871498,3.757846,0.634041,26.969458,10.318596,165.311752,104.148636,
0.773332,-0.321996,-0.546146,0.379906,0.924995,-0.007418,0.507571,-0.201748,0.837657,64.665619,-0.427574,0.137913,-0.893398,147.064255,111.283012,330.191437,3.141593,1.0,-0.367977,-0.929261,0.032662,-30.837465,175.391205,40.987122,3.620086,3.181327,-0.887316,90.871498,4.14304,0.63612,27.065584,10.19851,165.68396,104.318581,
0.773498,-0.326007,-0.543526,0.382381,0.92395,-0.010014,0.505455,-0.200088,0.839333,64.665619,-0.426778,0.134508,-0.894298,146.620407,111.952858,330.769836,3.141593,1.0,-0.369762,-0.928397,0.036822,-30.641031,175.406937,41.039291,0.766027,8.113353,3.055521,90.871498,3.96488,0.635435,27.161057,10.325225,165.906387,104.445122,
0.771046,-0.342513,-0.536818,0.390104,0.920377,-0.026924,0.503297,-0.188655,0.843268,64.665619,-0.421381,0.12262,-0.898556,145.95256,115.950851,332.344452,3.141593,1.0,-0.378728,-0.924074,0.051504,-30.383749,175.566727,41.219299,2.829496,-1.951273,4.338761,90.871498,3.522104,0.633839,27.257147,10.239404,166.821426,104.958519,
0.774115,-0.336276,-0.536344,0.384207,0.922932,-0.024125,0.503121,-0.187391,0.843655,64.665619,-0.423857,0.136417,-0.895397,146.114319,115.979294,332.404785,3.141593,1.0,-0.377748,-0.925134,0.037868,-30.319384,176.069305,41.382565,2.565986,7.552712,0.679575,90.871498,3.137266,0.624302,27.350994,10.448487,166.508987,104.914627,
0.773043,-0.33609,-0.538003,0.386829,0.921932,-0.020106,0.50276,-0.192572,0.842703,64.665619,-0.423831,0.141313,-0.89465,146.132141,114.564812,332.254547,3.141593,1.0,-0.38023,-0.924262,0.034139,-30.200579,176.431259,41.545284,1.571552,-2.835574,-2.18335,90.871498,2.659471,0.625614,27.446371,10.563768,166.491592,105.021049,
0.768734,-0.343112,-0.539743,0.393652,0.918959,-0.023515,0.50407,-0.194394,0.841501,64.665619,-0.420864,0.130334,-0.897712,146.451752,114.688774,332.157288,3.141593,1.0,-0.383336,-0.922474,0.045786,-30.073591,176.431015,41.575573,3.67858,-9.145868,-4.313378,90.871498,2.542588,0.625336,27.541943,10.530182,167.106857,105.247826,
0.768388,-0.342631,-0.540541,0.394235,0.918747,-0.021952,0.504142,-0.196233,0.841031,64.665619,-0.416952,0.1264,-0.900097,146.401199,114.625183,332.319733,3.141593,1.0,-0.382512,-0.922723,0.047613,-29.907862,176.633926,41.680195,3.21962,5.533176,-1.032559,90.871498,2.376367,0.619079,27.63809,10.4602,167.539078,105.53701,
0.77177,-0.318315,-0.550497,0.381422,0.924401,0.000217,0.508811,-0.210139,0.834837,64.665619,-0.419585,0.142265,-0.896498,147.843201,110.430702,330.406128,3.141593,1.0,-0.369523,-0.92887,0.025544,-29.925159,177.17157,41.710903,0.576725,1.022979,0.470297,90.871498,1.903392,0.614147,27.732571,10.643098,167.094391,105.293732,
0.768578,-0.317529,-0.555394,0.387781,0.921701,0.009673,0.508836,-0.222806,0.831531,64.665619,-0.415312,0.13572,-0.899498,147.65033,107.859016,329.684448,3.141593,1.0,-0.369603,-0.928688,0.030526,-29.870562,177.755615,41.683891,-1.016787,8.467752,-0.469541,90.871498,2.389002,0.607359,27.845316,10.443536,167.938309,105.463539,
0.762224,-0.315173,-0.565403,0.402004,0.915084,0.031849,0.507353,-0.251571,0.824199,64.665619,-0.415484,0.140671,-0.898657,147.195404,100.683311,327.723938,3.141593,1.0,-0.37504,-0.926575,0.028355,-29.931757,179.007767,41.82637,-2.531227,12.613246,2.825315,90.871498,2.130646,0.606727,27.9506,10.388373,168.518921,105.479904,
0.756168,-0.304375,-0.57928,0.40471,0.913159,0.048485,0.514217,-0.271104,0.813685,64.665619,-0.41388,0.137187,-0.899935,148.854599,96.071739,325.050079,3.141593,1.0,-0.370542,-0.928366,0.028892,-30.107285,179.62059,41.979237,-6.312735,10.631156,4.195002,90.871498,2.10275,0.61063,28.038313,10.196934,169.174393,105.641129,
0.75788,-0.291681,-0.583558,0.399267,0.914783,0.0613,0.515949,-0.279454,0.809755,64.665619,-0.418866,0.145795,-0.896267,149.223328,93.279396,323.573303,3.141593,1.0,-0.363504,-0.931411,0.018369,-30.520718,179.623489,41.860115,-8.112866,-5.214791,-4.040053,90.871498,2.03804,0.60791,28.131512,10.098579,168.633667,105.224319,
0.757294,-0.296764,-0.581753,0.397334,0.916322,0.049793,0.518296,-0.268858,0.81184,64.665619,-0.420641,0.138991,-0.896517,149.401855,97.276962,324.15152,3.141593,1.0,-0.363122,-0.931379,0.025979,-31.106712,180.230621,41.866024,-4.30189,12.185915,-1.000122,90.871498,1.768815,0.597597,28.229551,9.644212,169.774109,105.240128,
0.759446,-0.283836,-0.585387,0.384196,0.921815,0.051474,0.525009,-0.263995,0.809118,64.665619,-0.419271,0.152918,-0.89489,150.748688,98.945862,323.30423,3.141593,1.0,-0.357231,-0.933984,0.007771,-31.549824,181.321701,41.845592,-6.046685,4.820724,-1.322917,90.871498,2.087447,0.58925,28.323915,9.180902,170.131729,105.126846,
0.764752,-0.292828,-0.573939,0.379348,0.92464,0.033709,0.520816,-0.243502,0.818204,64.665619,-0.420131,0.151135,-0.894789,149.411606,104.6828,325.627594,3.141593,1.0,-0.358873,-0.933323,0.010859,-31.756914,181.215591,41.656338,-2.032236,2.137914,-0.803429,90.871498,2.010328,0.589023,28.417637,8.974391,170.342667,105.000305,
0.763141,-0.299199,-0.572796,0.38649,0.921686,0.033482,0.51792,-0.246931,0.819014,64.665619,-0.419834,0.144598,-0.896008,148.771652,103.532227,325.641785,3.141593,1.0,-0.362355,-0.931838,0.019405,-31.571913,180.665161,41.376862,4.593447,-5.250505,-2.339181,90.871498,2.260981,0.587959,28.513041,9.11541,170.116821,104.79599,
0.756123,-0.305356,-0.578823,0.405854,0.912639,0.048713,0.513382,-0.27175,0.813997,64.665619,-0.416001,0.127873,-0.900329,148.009613,96.724014,324.439331,3.141593,1.0,-0.367619,-0.929204,0.037886,-30.847403,179.858643,41.277802,10.750948,1.144758,2.186847,90.871498,2.341246,0.589127,28.608431,9.577108,170.001068,104.946396,
0.760599,-0.291565,-0.580068,0.39671,0.915997,0.059759,0.513917,-0.275571,0.812373,64.665619,-0.412487,0.130705,-0.901538,149.136429,95.061623,324.1492,3.141593,1.0,-0.35809,-0.933251,0.028536,-29.648842,179.342468,41.307079,9.15624,-5.180888,-0.878628,90.871498,2.092307,0.60405,28.704273,10.559584,169.368988,105.094162,
0.890386,-0.136061,-0.434396,0.29488,0.89939,0.322713,0.346783,-0.415434,0.840926,64.665619,-0.329526,0.458967,-0.825083,107.95681,117.236504,286.90213,3.141593,1.0,-0.311524,-0.877807,-0.363878,-18.749836,260.700378,-0.602879,2.074773,9.491017,7.796052,90.871498,2.954127,0.598611,30.174295,14.447366,229.257599,60.147873,
0.898745,-0.120537,-0.421578,0.282021,0.895115,0.345301,0.335739,-0.429231,0.838475,64.665619,-0.329553,0.473186,-0.817,106.960701,113.245407,286.39801,3.141593,1.0,-0.298357,-0.873191,-0.385383,-16.627987,261.363617,-0.014338,44.577377,-17.890646,16.693047,90.871498,3.093155,0.622035,30.258709,16.429153,228.986893,60.304714,
0.898468,-0.113925,-0.424001,0.28299,0.888634,0.360896,0.335666,-0.444241,0.830649,64.665619,-0.319361,0.454029,-0.831785,109.200493,110.752419,286.043304,3.141593,1.0,-0.287134,-0.88285,-0.371658,-13.713659,261.821777,0.805959,22.69442,1.674061,7.489559,90.871498,3.890099,0.639854,30.351454,18.688604,230.541351,62.060162,
0.89436,-0.122223,-0.430327,0.298031,0.880177,0.369414,0.333613,-0.45864,0.823621,64.665619,-0.309684,0.473735,-0.824421,109.376648,105.605431,284.435181,3.141593,1.0,-0.304324,-0.87082,-0.386082,-12.392633,262.12558,1.593657,7.82806,13.025749,12.629087,90.871498,4.348533,0.634765,30.44685,19.418571,229.276917,62.347031,
0.894606,-0.12847,-0.42799,0.291656,0.893512,0.341428,0.338551,-0.43027,0.83681,64.665619,-0.312033,0.470329,-0.825485,110.511749,114.075317,288.665436,3.141593,1.0,-0.306789,-0.872201,-0.38098,-12.79388,262.438293,2.094593,-15.359078,3.321586,5.564142,90.871498,3.83534,0.609147,30.54233,19.222115,230.096878,63.020958,
0.894058,-0.12239,-0.430907,0.292308,0.888321,0.354179,0.339435,-0.442614,0.829986,64.665619,-0.323312,0.454053,-0.830244,109.794197,111.981125,287.594788,3.141593,1.0,-0.297119,-0.881705,-0.366492,-14.440247,262.661804,2.723569,-14.776781,3.457428,2.988631,90.871498,2.961206,0.594601,30.637638,18.266079,231.331161,63.790386,
0.891427,-0.133294,-0.433118,0.304472,0.884065,0.354578,0.335642,-0.447953,0.828663,64.665619,-0.319046,0.446326,-0.836064,108.140938,110.339638,287.399567,3.141593,1.0,-0.304788,-0.883623,-0.355407,-14.778666,262.110016,2.555234,1.662546,-9.439051,-2.611833,90.871498,2.621065,0.599093,30.734068,17.635759,231.129333,63.951824,
0.889823,-0.132982,-0.436499,0.31211,0.875198,0.369616,0.332871,-0.465129,0.820276,64.665619,-0.3166,0.446438,-0.836933,107.475967,105.55481,285.213074,3.141593,1.0,-0.306636,-0.883116,-0.355077,-14.518694,262.173218,2.653738,6.528404,2.479344,6.560184,90.871498,2.795056,0.597948,30.828457,17.717813,230.975983,64.0271,
