0.540267,-0.827783,-0.151283,0.664711,0.530056,-0.526498,-0.516015,-0.18389,-0.836608,59.88942,0.527609,0.346719,0.775509,-146.224625,125.827972,-311.681458,3.141593,1.0,-0.602954,-0.490224,0.629386,13.474234,198.361206,-43.909031,-31.37838,-1.932849,17.8964,84.500763,35.993729,0.639938,1.040598,-16.836958,171.937271,-101.906898
0.521477,-0.842808,-0.133176,0.680339,0.504895,-0.531244,-0.514977,-0.186427,-0.836686,59.88942,0.52743,0.343928,0.776873,-148.913284,123.90361,-310.011932,3.141593,1.0,-0.621643,-0.467065,0.628816,10.563128,197.127777,-42.263783,-18.3395,-33.768784,17.674414,84.500763,43.61274,0.43465,1.135953,-19.785851,170.649002,-100.217812
0.516728,-0.846181,-0.130265,0.681495,0.498624,-0.535666,-0.518224,-0.188019,-0.834322,59.88942,0.519829,0.339058,0.784103,-149.356522,121.64682,-309.140015,3.141593,1.0,-0.631171,-0.466091,0.619986,10.491077,195.013046,-41.645294,6.52622,-17.23007,3.993189,84.500763,44.793667,0.403665,1.233187,-19.414852,168.791382,-99.938759
0.51061,-0.844985,-0.158988,0.675184,0.50854,-0.534335,-0.532356,-0.165491,-0.830186,59.88942,0.530119,0.322537,0.784184,-153.387619,126.165497,-307.427948,3.141593,1.0,-0.623931,-0.477878,0.618338,10.806846,192.614319,-40.841991,-3.316509,-14.499497,10.16376,84.500763,48.715191,0.281168,1.326738,-19.902374,167.661301,-99.263596
0.533963,-0.828999,-0.166266,0.648215,0.527631,-0.549019,-0.542863,-0.18538,-0.819106,59.88942,0.507906,0.329093,0.796071,-155.733215,120.190758,-303.920624,3.141593,1.0,-0.616124,-0.507072,0.602718,9.6924,191.956757,-39.561405,-9.346277,-16.315517,22.564245,84.500763,48.010929,0.306567,1.422148,-19.613501,166.673676,-98.534721
0.509115,-0.849239,-0.139978,0.676556,0.495398,-0.544842,-0.532046,-0.182684,-0.826773,59.88942,0.528415,0.324493,0.784526,-153.679901,117.823761,-303.764648,3.141593,1.0,-0.631177,-0.467862,0.618644,10.340609,188.947144,-38.12558,18.573919,-46.159924,8.18481,84.500763,41.804443,0.377573,1.519232,-20.272501,163.630783,-96.456215
0.456483,-0.876614,-0.152222,0.717831,0.463942,-0.519112,-0.525683,-0.127696,-0.841042,59.88942,0.565479,0.293411,0.770807,-153.031067,131.737854,-306.609406,3.139536,1.0,-0.644103,-0.426621,0.634922,11.898998,187.057449,-37.915291,11.536313,7.462858,-7.983383,84.500763,39.085804,0.258027,1.613139,-21.219227,163.756882,-95.723106
0.515291,-0.837968,-0.17968,0.670143,0.524664,-0.525011,-0.534214,-0.150122,-0.831913,59.88942,0.550191,0.333764,0.765435,-154.37262,123.615814,-303.972565,3.141593,1.0,-0.598095,-0.482167,0.640154,11.574024,186.672363,-37.858135,-5.224527,-8.621371,2.657521,84.500763,49.41946,0.274924,1.708289,-20.421616,161.258011,-95.375359
0.526143,-0.833853,-0.166921,0.66346,0.525288,-0.532817,-0.531973,-0.169592,-0.829604,59.88942,0.549606,0.344249,0.7612,-153.512756,117.524162,-303.064087,3.141593,1.0,-0.5924,-0.481869,0.64565,11.788076,186.259903,-37.824261,2.950053,-3.461768,-1.833983,84.500763,49.990173,0.263832,1.803708,-20.123743,160.048447,-95.04567
0.515593,-0.84283,-0.154279,0.671773,0.509395,-0.537808,-0.53187,-0.173649,-0.828831,59.88942,0.560475,0.348742,0.751163,-153.582123,115.649689,-302.357788,3.141593,1.0,-0.594342,-0.462264,0.65808,12.42868,185.861404,-37.934616,4.750861,-6.032427,0.30768,84.500763,47.400955,0.225092,1.899204,-20.218964,159.191269,-94.533333
0.511513,-0.844316,-0.159643,0.671859,0.508807,-0.538258,-0.535687,-0.168068,-0.827522,59.88942,0.560494,0.346451,0.752209,-154.569244,116.927696,-302.05426,3.141593,1.0,-0.595479,-0.462636,0.65679,12.443015,185.549988,-37.905087,-0.769702,-1.441478,0.889879,84.500763,44.252045,0.235722,1.9945,-20.248959,159.069748,-94.557976
0.50729,-0.741189,-0.439654,0.449534,0.662856,-0.598783,-0.735239,-0.106117,-0.66945,59.88942,0.585656,0.419154,0.69377,-171.830185,98.64164,-263.56308,2.300818,0.0,-0.378926,-0.615049,0.691469,48.75713,153.880081,-42.826687,5.892977,-10.724553,5.829668,84.500763,37.390053,0.838812,2.835707,12.52657,125.249878,-95.702438
0.465472,-0.768545,-0.438946,0.472965,0.635192,-0.610602,-0.74809,-0.076612,-0.659159,59.88942,0.59797,0.403029,0.692821,-174.886047,106.840942,-261.194763,2.27302,0.0,-0.406465,-0.592514,0.695495,49.885605,153.713821,-43.245213,12.199942,13.050477,-7.491322,84.500763,40.231934,0.927984,2.93154,12.693225,126.050957,-95.914398
0.466334,-0.781454,-0.414563,0.488962,0.618247,-0.615375,-0.73719,-0.084265,-0.670411,59.88942,0.600764,0.423828,0.677829,-171.015137,104.51741,-264.024353,2.34878,0.0,-0.409616,-0.564936,0.716284,51.105103,154.829697,-44.1283,8.854022,9.012065,-7.435889,84.500763,36.831123,0.971849,3.026433,13.830814,125.646332,-95.922745
0.441075,-0.79165,-0.422781,0.483657,0.606494,-0.631063,-0.755995,-0.073865,-0.650396,59.88942,0.607017,0.432878,0.666443,-176.190109,106.868713,-258.367615,2.44024,0.455742,-0.405111,-0.552917,0.728126,51.284168,155.101624,-44.342751,-9.617698,-7.900871,8.469521,84.500763,35.316994,0.930984,3.126179,13.371202,125.389954,-95.284592
0.441388,-0.782475,-0.439215,0.475629,0.619075,-0.624919,-0.76089,-0.066928,-0.64542,59.88942,0.614882,0.40612,0.676008,-179.859344,108.440353,-256.310669,2.569612,1.0,-0.403956,-0.574009,0.712273,49.391468,153.147476,-42.892616,-21.281292,-19.879505,12.491007,84.500763,31.031046,0.855889,3.234809,10.929391,125.222229,-94.475479
0.442663,-0.781651,-0.439399,0.469287,0.619506,-0.629271,-0.764081,-0.072351,-0.641051,59.88942,0.611274,0.406222,0.679211,-182.134338,105.623009,-254.042664,2.565682,1.0,-0.403868,-0.577948,0.709131,47.706272,151.711914,-41.583389,-9.353029,-12.712958,10.005167,84.500763,29.836496,0.734423,3.330799,9.454357,123.764671,-93.302948
0.454397,-0.771292,-0.445681,0.460059,0.63162,-0.624021,-0.762804,-0.078514,-0.641846,59.88942,0.605878,0.405237,0.684613,-181.984314,103.8274,-254.312073,2.57352,1.0,-0.397239,-0.591491,0.70167,47.157093,151.332947,-41.296841,-1.853916,-2.117561,0.432611,84.500763,29.959251,0.750289,3.425344,9.284244,123.51429,-93.373055
0.444708,-0.764268,-0.467043,0.456859,0.642063,-0.615659,-0.770399,-0.060416,-0.634693,59.88942,0.600743,0.39851,0.693035,-183.376373,107.844246,-252.208862,2.564105,1.0,-0.396729,-0.60401,0.691215,47.429443,150.130386,-40.518322,3.158514,-12.729171,9.460798,84.500763,31.744942,0.711844,3.520739,9.796628,122.993279,-93.063339
0.443785,-0.757543,-0.478731,0.458867,0.650967,-0.604718,-0.769738,-0.048691,-0.636501,59.88942,0.595361,0.392504,0.701061,-182.543594,110.685471,-252.613113,2.576992,1.0,-0.398694,-0.613224,0.681908,47.74345,149.482529,-39.965263,2.965556,-3.715448,3.991458,84.500763,32.310211,0.781341,3.624766,10.463598,122.894386,-93.01432
0.446305,-0.763326,-0.467061,0.45167,0.642713,-0.6188,-0.772532,-0.065216,-0.631617,59.88942,0.592386,0.396482,0.701342,-182.857147,106.31813,-251.50563,2.568419,1.0,-0.400874,-0.610054,0.683472,47.95142,149.68103,-40.162617,5.5292,-4.341739,-1.813219,84.500763,33.262608,0.806169,3.72019,10.850794,122.670647,-93.131271
0.469987,-0.754742,-0.457686,0.433397,0.649035,-0.625237,-0.768947,-0.095494,-0.632141,59.88942,0.593906,0.388411,0.704565,-181.591568,98.645355,-251.913208,2.575734,1.0,-0.393372,-0.623731,0.675439,48.336548,149.2966,-40.208458,2.359591,-14.56355,3.849608,84.500763,30.371481,0.826339,3.815604,11.217308,122.58979,-93.407654
0.445754,-0.775057,-0.447874,0.465351,0.628047,-0.623703,-0.764691,-0.069599,-0.640628,59.88942,0.599155,0.39831,0.694523,-181.093689,102.878532,-252.392883,2.653118,0.0,-0.409838,-0.592615,0.693427,48.103729,147.659851,-39.160767,-4.63803,-36.050457,25.859657,84.500763,31.660124,0.775886,3.910949,10.648003,120.330048,-91.759232
0.452165,-0.758844,-0.468724,0.472057,0.649481,-0.596101,-0.756775,-0.048272,-0.65189,59.88942,0.593945,0.40731,0.693778,-179.539429,105.038254,-253.028397,2.416792,0.256178,-0.397483,-0.601188,0.693238,47.278706,144.685196,-36.845783,-11.651268,-43.688328,22.069773,84.500763,31.952976,0.866858,4.006394,10.217536,117.142143,-89.57077
0.455755,-0.748037,-0.482418,0.513072,0.663656,-0.54435,-0.727354,-0.000575,-0.686262,59.88942,0.623674,0.398201,0.672656,-174.256973,115.276466,-260.352783,3.100467,1.0,-0.386351,-0.591038,0.708101,46.885082,142.071686,-36.255451,-9.179545,-19.050436,3.422085,84.500763,14.338871,1.0,4.101732,8.12284,115.420586,-88.27668
0.483283,-0.720634,-0.497116,0.449279,0.691508,-0.565655,-0.75139,-0.050028,-0.65796,59.88942,0.58342,0.367578,0.724229,-181.356796,105.415482,-256.747467,2.632892,0.0,-0.389284,-0.656051,0.646572,43.3167,142.687561,-37.057941,-28.687891,-19.374218,5.146941,84.500763,38.233295,0.793579,4.203267,7.04972,117.959618,-91.76796
0.23105,-0.886941,-0.399939,0.805794,0.404812,-0.432231,-0.545264,0.222401,-0.808224,59.88942,0.615348,0.075739,0.784608,-168.667664,195.783737,-300.353455,3.044097,1.0,-0.702945,-0.397664,0.589688,5.348296,147.205322,-38.460247,-1.842137,4.292928,0.378017,84.500763,40.895546,0.0,5.029978,-31.94606,140.018005,-97.696136
0.22531,-0.879815,-0.418521,0.766955,0.42508,-0.480715,-0.600846,0.212677,-0.770554,59.88942,0.622442,0.10369,0.775767,-182.160919,190.685974,-289.666229,3.097264,1.0,-0.682065,-0.414274,0.602632,6.68503,146.190369,-38.100197,16.707523,-0.79105,0.253903,84.500763,38.49926,0.0,5.125025,-31.502392,137.358475,-96.454453
0.207501,-0.879726,-0.427814,0.773414,0.415315,-0.478899,-0.598978,0.231505,-0.766571,59.88942,0.622186,0.114641,0.77443,-180.333939,195.281998,-288.552277,3.089365,1.0,-0.683725,-0.402257,0.608859,8.052345,146.608734,-38.148956,14.13765,17.286596,-7.395192,84.500763,38.369816,0.0,5.22041,-30.143703,137.233505,-96.339188
0.251282,-0.884042,-0.394115,0.762608,0.431575,-0.481842,-0.596059,0.179478,-0.782625,59.88942,0.611933,0.154343,0.775704,-178.012131,180.514587,-292.785431,3.099475,1.0,-0.673624,-0.412234,0.613428,8.786138,147.698654,-38.282852,3.193555,8.559979,-1.086403,84.500763,39.909153,0.0,5.316789,-28.553835,135.511673,-96.546921
0.27232,-0.877224,-0.395373,0.75064,0.450751,-0.483077,-0.601981,0.165231,-0.781228,59.88942,0.615757,0.174358,0.768402,-179.999146,176.505814,-292.194916,3.122899,1.0,-0.655703,-0.427371,0.622421,8.494174,148.477112,-38.449284,-6.548112,5.222455,0.406352,84.500763,41.103355,0.0,5.430414,-29.055891,135.075058,-96.306587
0.285917,-0.876821,-0.38657,0.745829,0.456912,-0.484737,-0.601656,0.149721,-0.784598,59.88942,0.61877,0.176698,0.765442,-180.335602,172.321335,-292.869476,3.132599,1.0,-0.649488,-0.433055,0.625003,8.230694,148.434967,-38.399113,0.307957,-0.557906,-0.756536,84.500763,41.53529,0.0,5.523935,-29.473848,134.779785,-96.136238
0.271559,-0.877219,-0.395908,0.750591,0.450515,-0.483372,-0.602386,0.165901,-0.780774,59.88942,0.623966,0.177713,0.760976,-180.41925,175.856461,-291.306976,3.123358,1.0,-0.648583,-0.425419,0.631157,8.715849,147.865204,-38.076591,6.420116,-10.239683,5.143349,84.500763,41.979248,0.0,5.619288,-29.374525,134.257767,-95.532501
0.265145,-0.87606,-0.402761,0.74633,0.450941,-0.489535,-0.610484,0.170795,-0.773394,59.88942,0.622104,0.198412,0.757376,-182.103226,175.328644,-288.764679,3.117334,1.0,-0.643347,-0.421753,0.638929,9.009373,147.305954,-37.719437,-0.849478,0.358969,0.214927,84.500763,43.506733,0.085406,5.715355,-29.028084,132.502853,-94.840591
0.264082,-0.87597,-0.403655,0.746075,0.45076,-0.490089,-0.611255,0.171733,-0.772577,59.88942,0.619716,0.198509,0.759306,-182.174042,175.245499,-288.654846,3.10568,1.0,-0.645212,-0.421956,0.636911,8.984805,146.982162,-37.722576,-1.501771,-2.811599,-1.223472,84.500763,43.537594,0.127097,5.810097,-28.905489,132.184433,-94.935715
0.264795,-0.877401,-0.400065,0.747347,0.448903,-0.489855,-0.60939,0.169276,-0.77459,59.88942,0.620382,0.193394,0.760082,-181.633408,174.894791,-289.37262,3.11417,1.0,-0.647192,-0.42119,0.635407,9.088958,146.977371,-37.865993,3.281171,3.906973,-3.455902,84.500763,42.733242,0.051194,5.905521,-28.832554,132.449783,-95.148705
0.258955,-0.878341,-0.40182,0.752622,0.444233,-0.486022,-0.605395,0.176561,-0.776095,59.88942,0.623628,0.19763,0.756327,-180.655533,176.578491,-289.5578,3.115873,1.0,-0.646122,-0.414282,0.641012,9.260269,147.060226,-37.883373,1.754379,-3.883216,2.08269,84.500763,42.341473,0.048844,6.001347,-28.856419,132.306931,-94.95652
0.257361,-0.878358,-0.402807,0.751509,0.443975,-0.487975,-0.607453,0.177128,-0.774356,59.88942,0.626594,0.203853,0.752212,-181.229218,175.964951,-288.719086,3.119956,1.0,-0.641979,-0.412218,0.646483,9.414893,146.679672,-37.737267,5.533257,-4.753746,1.883427,84.500763,42.660351,0.093187,6.096236,-28.914,131.551239,-94.553947
0.253409,-0.879704,-0.402375,0.757842,0.43905,-0.482608,-0.601214,0.18264,-0.777936,59.88942,0.637014,0.203426,0.743526,-179.511246,176.729874,-289.012421,3.139391,1.0,-0.636649,-0.404986,0.65625,10.215558,146.033813,-37.562996,11.870084,-9.827863,1.471875,84.500763,42.327251,0.026245,6.191848,-28.760307,130.934097,-93.949615
0.254149,-0.875221,-0.411578,0.758341,0.44445,-0.476847,-0.600272,0.190926,-0.776673,59.88942,0.630095,0.18596,0.753923,-178.158417,179.929413,-289.398071,3.141593,1.0,-0.644868,-0.415556,0.641451,10.873081,145.966461,-37.631149,2.207891,6.056312,-5.152984,84.500763,41.62212,0.0,6.28702,-27.643692,132.055756,-94.652008
0.252304,-0.877756,-0.407292,0.759259,0.440519,-0.479029,-0.599891,0.188379,-0.777589,59.88942,0.626034,0.181408,0.758401,-177.865448,179.931473,-290.031006,3.127566,1.0,-0.651206,-0.413386,0.63643,10.812449,146.380997,-37.795261,-4.666561,16.021336,-3.991188,84.500763,41.084084,0.027085,6.383104,-27.446333,132.696533,-95.055237
0.511818,-0.786986,-0.344521,0.464469,0.590853,-0.659668,-0.72271,-0.177611,-0.66794,59.88942,0.634437,0.21545,0.742342,-206.210831,95.353729,-314.608337,2.967981,1.0,-0.508603,-0.606837,0.610796,14.296778,157.624146,-91.327538,-15.180439,3.285934,7.795282,84.500763,42.565845,0.155128,7.266951,-24.995462,139.888565,-147.126266
0.488597,-0.800591,-0.346881,0.482281,0.579123,-0.657284,-0.727102,-0.153853,-0.669068,59.88942,0.624465,0.191588,0.757191,-207.366684,102.429405,-314.251678,2.97405,1.0,-0.537688,-0.597709,0.594673,13.687953,157.201233,-89.875412,1.896824,-7.282502,12.480791,84.500763,38.104919,0.235184,7.362337,-25.050098,141.007065,-146.486877
0.444835,-0.837012,-0.318643,0.549794,0.536061,-0.640598,-0.707,-0.109773,-0.698643,59.88942,0.641114,0.215946,0.736438,-201.991547,111.540466,-319.338196,2.947656,1.0,-0.552054,-0.536825,0.63801,14.996937,156.788589,-88.649849,12.373205,-8.729574,14.568376,84.500763,38.26231,0.173141,7.457926,-24.715546,139.065308,-144.1577
0.420533,-0.854217,-0.305719,0.580731,0.512325,-0.632673,-0.697068,-0.08852,-0.71152,59.88942,0.636017,0.244806,0.731815,-198.577957,114.836899,-321.342529,2.905603,1.0,-0.560804,-0.504801,0.656258,15.519331,156.499405,-87.77137,0.535885,-2.851787,12.05108,84.500763,44.05122,0.235962,7.55314,-23.792315,137.032669,-142.93309
0.475773,-0.814086,-0.333023,0.52446,0.56652,-0.635607,-0.706103,-0.127747,-0.69649,59.88942,0.619087,0.23866,0.74818,-200.472672,105.338387,-317.525787,2.957992,1.0,-0.534218,-0.570327,0.62397,14.735919,156.300095,-86.733719,-6.035119,5.851023,-0.635318,84.500763,44.091579,0.188834,7.665957,-23.421398,137.370239,-142.884995
0.499495,-0.788368,-0.359139,0.498873,0.600679,-0.624748,-0.708259,-0.132894,-0.693332,59.88942,0.613817,0.232926,0.754304,-201.071259,104.641891,-316.9758,2.962315,1.0,-0.514454,-0.606721,0.605992,14.297482,156.271027,-86.519562,-4.15267,-5.607076,5.074595,84.500763,44.417942,0.170426,7.761382,-23.47958,137.964355,-143.126984
0.514,-0.778333,-0.360558,0.487505,0.610913,-0.623799,-0.705793,-0.144859,-0.69345,59.88942,0.608908,0.227683,0.759863,-200.55275,100.906387,-316.537048,2.955569,1.0,-0.511051,-0.620028,0.595309,13.831924,155.220673,-85.700951,-5.366762,-15.507615,8.191251,84.500763,43.362816,0.222378,7.856653,-23.579395,137.228806,-142.658585
0.47624,-0.803963,-0.356145,0.514214,0.583185,-0.628871,-0.713287,-0.116359,-0.691145,59.88942,0.608948,0.191642,0.769712,-202.662277,108.582581,-315.49826,2.953059,1.0,-0.551203,-0.595565,0.584361,13.778563,153.600784,-84.739723,4.094948,-10.475787,6.534557,84.500763,42.107666,0.245241,7.952058,-23.809677,137.758987,-142.197678
0.449183,-0.828302,-0.334888,0.5572,0.552716,-0.619704,-0.6984,-0.091761,-0.709801,59.88942,0.62687,0.215384,0.748762,-199.042938,113.071159,-318.664276,2.954758,1.0,-0.554492,-0.551789,0.62295,14.74296,153.459869,-84.364563,14.369164,3.949974,3.927259,84.500763,43.559349,0.164493,8.048111,-23.92333,136.079727,-140.685806
0.45098,-0.835064,-0.315096,0.560509,0.539716,-0.628121,-0.694583,-0.106656,-0.711462,59.88942,0.628906,0.25403,0.73481,-197.429031,107.302551,-318.106659,2.966919,1.0,-0.543075,-0.532797,0.648997,15.473782,153.991821,-84.308517,2.521645,5.957839,-0.817381,84.500763,44.255001,0.244819,8.14283,-23.266336,134.046021,-139.711761
0.453713,-0.834411,-0.312895,0.553295,0.539006,-0.635088,-0.698576,-0.115024,-0.70623,59.88942,0.624028,0.257991,0.737584,-198.14534,105.08709,-316.79892,2.976763,1.0,-0.543442,-0.534972,0.646897,15.468139,154.169632,-84.230728,0.499146,-0.385081,0.350864,84.500763,43.831654,0.2747,8.238234,-22.981483,133.928757,-139.715927
0.445843,-0.838904,-0.312192,0.556929,0.533025,-0.636958,-0.700752,-0.110114,-0.704855,59.88942,0.621415,0.257356,0.740008,-198.525787,105.990898,-316.15329,2.963002,1.0,-0.549569,-0.529998,0.645815,15.49884,153.800308,-83.838432,-1.370885,-5.736335,2.892652,84.500763,43.309669,0.341909,8.334474,-22.816254,133.60141,-139.415009
0.443668,-0.840726,-0.310385,0.561064,0.530637,-0.635321,-0.698832,-0.107726,-0.707127,59.88942,0.626634,0.263439,0.733437,-198.436935,106.264801,-316.233276,2.960741,1.0,-0.545321,-0.524114,0.654164,15.431467,153.855011,-83.708504,-0.224973,-2.705799,0.566099,84.500763,43.047413,0.311899,8.429029,-23.208984,133.27652,-138.925247
0.621534,-0.755181,-0.20832,0.535058,0.603459,-0.591227,-0.572196,-0.256004,-0.779136,59.88942,0.529997,0.403384,0.745912,-148.384079,119.791534,-284.953796,2.582539,0.0,-0.491298,-0.570883,0.657813,25.894379,213.61824,-33.462204,34.202782,-14.114816,11.865938,84.500763,48.446396,0.516482,9.426263,-4.90924,183.983124,-89.590012
0.645558,-0.733797,-0.211653,0.513071,0.621988,-0.591513,-0.565697,-0.273263,-0.77802,59.88942,0.534149,0.386238,0.752,-146.495544,116.037827,-284.382935,2.661844,0.0,-0.477115,-0.596596,0.645317,26.333132,213.139435,-32.673317,-5.169043,-7.755804,8.152116,84.500763,50.169651,0.439688,9.52164,-4.650433,184.55687,-89.29908
0.650267,-0.726994,-0.220528,0.498906,0.627562,-0.597712,-0.572928,-0.278649,-0.770784,59.88942,0.526614,0.36923,0.765733,-148.57869,116.378189,-283.623383,2.402726,0.0,-0.479873,-0.614405,0.626281,25.638451,213.741882,-32.973534,-5.822127,9.639083,-9.539668,84.500763,39.142197,0.610347,9.617112,-4.920387,186.247864,-90.353836
0.611244,-0.761613,-0.215237,0.537799,0.599218,-0.593051,-0.580649,-0.246745,-0.775863,59.88942,0.537379,0.358742,0.763235,-150.499313,126.087006,-286.571289,2.556442,0.0,-0.510889,-0.581571,0.633062,26.478472,214.866669,-34.833145,24.470222,19.373676,-25.868301,84.500763,37.966782,0.59928,9.7125,-4.904934,187.956787,-92.028206
0.601596,-0.770558,-0.210532,0.540605,0.586778,-0.602858,-0.588072,-0.248862,-0.76957,59.88942,0.553352,0.361249,0.750534,-151.358276,125.612289,-286.633514,2.552929,0.885786,-0.509026,-0.566566,0.647994,28.606424,215.22908,-37.23912,5.493328,-3.667267,-27.411345,84.500763,49.525021,0.67891,9.833826,-3.902571,188.012894,-93.668266
0.606701,-0.764836,-0.216654,0.528189,0.591542,-0.609175,-0.594079,-0.255153,-0.762868,59.88942,0.548091,0.35895,0.755481,-152.114868,124.204453,-287.563599,2.379832,0.0,-0.505821,-0.577107,0.641165,29.062372,215.230316,-39.613033,0.332216,3.85687,-15.104181,84.500763,42.993076,0.713893,9.930394,-3.153022,188.18251,-96.279045
0.594505,-0.775939,-0.21091,0.543715,0.581162,-0.605495,-0.5924,-0.245295,-0.767393,59.88942,0.556061,0.358384,0.749905,-152.684174,126.605408,-289.088074,2.383684,0.0,-0.513089,-0.561793,0.648944,28.594826,215.174347,-40.303028,-14.487218,0.079593,-0.348704,84.500763,42.095272,0.714119,10.024608,-4.143328,188.111664,-96.668747
0.628739,-0.745776,-0.220241,0.515834,0.611937,-0.59954,-0.581896,-0.263346,-0.769445,59.88942,0.54566,0.354469,0.759347,-151.959702,121.809761,-289.483276,2.35326,0.0,-0.492762,-0.597207,0.632874,25.859087,214.520157,-39.507626,-36.527496,-0.319611,14.350748,84.500763,43.868374,0.60296,10.120009,-6.0527,187.842331,-96.549469
0.608207,-0.759756,-0.229902,0.532717,0.6054,-0.591357,-0.58847,-0.237195,-0.772944,59.88942,0.530136,0.332015,0.780207,-155.888229,128.692322,-290.454102,2.699421,0.0,-0.521163,-0.59823,0.608695,22.663971,213.29837,-38.452366,-21.115522,-8.866531,11.875516,84.500763,41.304768,0.836032,10.215499,-8.33291,188.167511,-96.643036
0.598231,-0.758354,-0.25888,0.521862,0.613869,-0.592305,-0.608095,-0.219235,-0.762992,59.88942,0.530207,0.328646,0.781584,-162.631332,134.314285,-288.337372,2.685019,0.0,-0.513703,-0.608847,0.604495,21.041393,213.943771,-38.783512,-10.094953,15.03381,-10.098201,84.500763,46.85186,0.996572,10.310818,-10.155076,189.28624,-97.021729
0.629071,-0.741791,-0.232415,0.509242,0.61915,-0.597768,-0.587318,-0.257682,-0.76724,59.88942,0.532935,0.344854,0.772694,-157.074234,123.338272,-288.959717,2.991196,1.0,-0.497107,-0.611374,0.615716,21.327471,213.885269,-38.800304,9.908381,-10.937638,2.287659,84.500763,33.653805,0.904825,10.406203,-9.807672,187.950638,-96.578827
0.619864,-0.748972,-0.234114,0.517232,0.614331,-0.595876,-0.590118,-0.248271,-0.768194,59.88942,0.523726,0.340844,0.780728,-156.250473,124.338806,-289.320679,2.677593,0.0,-0.509402,-0.609266,0.607704,22.295074,212.226837,-38.519291,19.275969,-16.421749,4.454584,84.500763,44.986816,0.898733,10.501568,-8.281817,186.591339,-96.700569
0.613232,-0.752464,-0.240299,0.519066,0.613182,-0.595465,-0.595413,-0.240428,-0.766601,59.88942,0.524286,0.356582,0.773288,-156.046692,124.400078,-287.659302,2.738809,0.0,-0.5034,-0.602647,0.619198,23.91684,211.205917,-37.728123,27.376331,3.977051,9.982029,84.500763,38.598804,0.645562,10.597452,-6.750359,184.685852,-95.438492
0.592673,-0.768697,-0.240507,0.536039,0.599312,-0.594548,-0.601166,-0.223451,-0.767248,59.88942,0.52018,0.354392,0.777058,-155.76506,129.251389,-287.725098,2.699261,0.0,-0.521057,-0.589205,0.617525,25.459677,211.642212,-37.498409,7.698081,-2.467385,2.550792,84.500763,45.304722,0.719403,10.692358,-5.026357,185.280472,-95.342186
0.603071,-0.761086,-0.238861,0.52562,0.604388,-0.598697,-0.600024,-0.235506,-0.764531,59.88942,0.524054,0.369323,0.767442,-154.856918,125.527184,-286.467072,2.480556,0.62718,-0.505465,-0.590364,0.629266,26.303665,211.896484,-37.474861,4.961219,6.485391,-2.262116,84.500763,46.233517,0.619997,10.787734,-4.4044,184.578964,-94.765411
0.606984,-0.756814,-0.242493,0.524486,0.61073,-0.593231,-0.597064,-0.232898,-0.767642,59.88942,0.529083,0.37197,0.762699,-154.171722,126.78315,-287.654144,2.439873,0.325651,-0.49754,-0.592116,0.633918,26.538036,212.604828,-38.078068,1.153653,8.268922,-5.88925,84.500763,48.112038,0.674397,10.883863,-4.46154,185.180923,-95.172546
0.623142,-0.741644,-0.24831,0.505224,0.624065,-0.596063,-0.597028,-0.245979,-0.763578,59.88942,0.52697,0.373704,0.763314,-154.028076,123.558792,-287.07428,2.387074,0.0,-0.482267,-0.608048,0.630632,26.514864,212.728348,-38.454628,-0.494875,-7.527601,1.153575,84.500763,41.571072,0.652684,10.995873,-4.326724,185.236618,-95.611588
0.763349,-0.641869,-0.072812,0.400434,0.558616,-0.726361,-0.506903,-0.525311,-0.683445,59.88942,0.548961,0.539925,0.638062,-138.426147,101.762772,-310.281189,2.229992,0.0,-0.369232,-0.528205,0.764635,20.012114,273.7677,-89.943039,-15.01276,23.251261,-14.397586,84.500763,53.51926,1.0,11.776351,-11.323274,233.481491,-138.911285
0.770117,-0.631631,-0.089233,0.3779,0.564436,-0.733896,-0.513918,-0.531465,-0.673375,59.88942,0.553047,0.518657,0.652024,-142.489487,102.040154,-309.114624,2.219431,0.0,-0.365153,-0.552538,0.749243,18.045012,274.249146,-90.446175,-21.762224,-4.356194,2.883673,84.500763,52.70644,1.0,11.871756,-13.627633,235.301773,-140.269821
0.771715,-0.627142,-0.105587,0.37088,0.578669,-0.726354,-0.516627,-0.521378,-0.679162,59.88942,0.551574,0.508258,0.661393,-145.101273,104.569214,-310.929749,2.29814,0.478621,-0.36086,-0.569475,0.738565,16.04534,273.408203,-90.129189,-15.699575,-7.265461,8.738528,84.500763,55.06329,1.0,11.967119,-15.560118,235.301758,-140.63385
0.785228,-0.608936,-0.112311,0.343852,0.579655,-0.73876,-0.514959,-0.541476,-0.664545,59.88942,0.550567,0.513466,0.658201,-145.548813,99.194862,-306.862457,2.21177,0.0,-0.34347,-0.579299,0.739217,15.110159,273.457489,-89.978325,-4.360282,2.157781,1.579035,84.500763,54.956669,1.0,12.079941,-16.425772,234.966812,-140.231674
0.78757,-0.605063,-0.11676,0.334858,0.579274,-0.743177,-0.517305,-0.546206,-0.658828,59.88942,0.550625,0.520182,0.652858,-146.484238,97.290451,-304.872162,2.21354,0.0,-0.334572,-0.579003,0.743517,14.797503,273.154419,-89.768074,-7.857252,-10.430101,4.869593,84.500763,54.369461,1.0,12.175214,-16.773052,234.248322,-139.67482
0.77816,-0.618669,-0.108238,0.357826,0.578337,-0.733135,-0.516166,-0.531766,-0.671415,59.88942,0.550158,0.519072,0.654133,-146.838104,99.670036,-307.307312,2.240893,0.0,-0.348256,-0.569345,0.744691,14.10438,271.808502,-88.926987,-6.659421,-19.415329,12.100055,84.500763,54.898701,1.0,12.270623,-17.412519,233.007095,-138.953949
0.770892,-0.628013,-0.106417,0.372274,0.57978,-0.724753,-0.516853,-0.51909,-0.680741,59.88942,0.540166,0.507511,0.671307,-147.543381,101.59375,-309.623291,2.28128,0.0,-0.367533,-0.575335,0.730691,12.911973,269.733704,-87.89315,-10.609057,-18.974566,4.228537,84.500763,56.577118,1.0,12.366076,-17.945541,231.752548,-138.931488
0.754179,-0.648762,-0.101591,0.391237,0.568174,-0.723955,-0.527396,-0.506246,-0.682326,59.88942,0.557528,0.500123,0.662601,-152.421097,104.329857,-309.54422,2.241856,0.0,-0.37874,-0.557019,0.739112,11.914115,268.902893,-87.912132,-11.130359,-5.788862,-0.461307,84.500763,54.534409,1.0,12.461427,-20.179632,231.268082,-138.455109
0.751889,-0.65137,-0.101886,0.391871,0.565818,-0.725457,-0.53019,-0.505537,-0.680685,59.88942,0.569202,0.504551,0.649182,-154.366272,104.591614,-308.646759,2.247384,0.0,-0.370739,-0.547241,0.750386,11.468056,269.320648,-88.179558,-2.767164,5.099062,0.819613,84.500763,53.500648,1.0,12.556794,-21.424366,231.351929,-137.96907
0.758028,-0.644851,-0.097778,0.383007,0.561454,-0.733536,-0.527919,-0.518591,-0.67258,59.88942,0.561065,0.519471,0.644482,-153.311783,100.859886,-306.428864,2.237542,0.0,-0.364251,-0.544207,0.755751,11.39895,269.838715,-88.396332,2.35732,-1.285847,-0.847744,84.500763,52.259014,1.0,12.652795,-20.939226,230.893646,-137.783279
0.747179,-0.659256,-0.084295,0.402322,0.549597,-0.732175,-0.529019,-0.513152,-0.675881,59.88942,0.560259,0.520008,0.644749,-152.788635,101.563728,-307.468506,2.259659,0.017741,-0.380691,-0.529655,0.757985,12.148858,269.295105,-88.672859,12.844889,-8.352669,-1.527009,84.500763,51.371708,1.0,12.748551,-20.140339,230.23349,-137.995422
0.757097,-0.646791,-0.092008,0.387676,0.558149,-0.733606,-0.525844,-0.519742,-0.673318,59.88942,0.549998,0.515248,0.657284,-149.916626,100.288727,-307.67926,2.603801,0.0,-0.377501,-0.548651,0.745973,13.520594,269.291595,-88.787674,12.530103,7.111638,-2.518238,84.500763,54.476555,1.0,12.842948,-18.064432,230.610886,-138.848755
0.763248,-0.639444,-0.092542,0.379467,0.55957,-0.736808,-0.522931,-0.527251,-0.669738,59.88942,0.550453,0.515716,0.656536,-148.210266,98.187019,-306.573914,2.27098,0.123775,-0.371952,-0.552548,0.745884,14.500106,269.135101,-88.624886,7.610978,3.041359,2.167444,84.500763,54.766888,1.0,12.93835,-17.088293,230.392014,-138.640961
0.767025,-0.634431,-0.095767,0.372923,0.562276,-0.738088,-0.522113,-0.530418,-0.667873,59.88942,0.551877,0.51899,0.65275,-148.003036,97.728676,-306.098755,2.238988,0.0,-0.364229,-0.554127,0.748519,14.591388,269.665924,-88.821693,-0.488759,3.555157,1.658959,84.500763,53.166515,1.0,13.033748,-17.086256,230.727982,-138.633591
0.771665,-0.626467,-0.109878,0.35963,0.57225,-0.737019,-0.524595,-0.529216,-0.666881,59.88942,0.554144,0.521182,0.649072,-148.909576,97.034668,-305.260162,2.239208,0.0,-0.349079,-0.56237,0.749589,14.490381,268.694397,-88.367378,-6.528797,-7.476864,4.93714,84.500763,54.790394,1.0,13.147091,-17.37039,229.732513,-138.043762
0.768657,-0.629445,-0.113863,0.369616,0.582341,-0.72406,-0.522064,-0.514469,-0.680273,59.88942,0.551164,0.514174,0.657148,-148.835342,100.500443,-308.917725,2.207799,0.0,-0.354686,-0.568502,0.742296,13.705842,267.869904,-88.066559,-8.371753,-4.053296,-2.379388,84.500763,55.33638,1.0,13.241898,-17.930937,229.500397,-138.343246
0.769316,-0.628362,-0.115388,0.373156,0.58856,-0.717184,-0.518564,-0.508683,-0.687265,59.88942,0.547737,0.512748,0.661115,-148.158478,101.989738,-311.137024,2.250133,0.166901,-0.355793,-0.572428,0.73874,13.245636,267.732483,-88.236778,-4.109366,5.716413,-6.979987,84.500763,54.835579,1.0,13.337231,-18.131659,229.539001,-138.809372
0.770847,-0.627339,-0.110639,0.37112,0.583424,-0.722417,-0.517749,-0.515813,-0.682549,59.88942,0.546055,0.521946,0.655283,-147.998123,99.511986,-309.824158,2.221654,0.0,-0.352876,-0.566116,0.744978,13.085836,267.679962,-88.523254,-0.566539,2.306237,-5.137071,84.500763,54.927357,1.0,13.432695,-18.175541,228.848953,-138.679047
0.762173,-0.639122,-0.103033,0.382582,0.573074,-0.724719,-0.522229,-0.512943,-0.681297,59.88942,0.546829,0.515752,0.659528,-148.896011,100.452751,-309.77124,2.211143,0.0,-0.36806,-0.559453,0.74266,13.396453,267.602295,-88.613991,4.083424,-3.232725,0.711471,84.500763,55.938072,1.0,13.52805,-17.950117,229.070145,-138.939911
0.641792,-0.739805,-0.201971,0.47723,0.591447,-0.649955,-0.600295,-0.320749,-0.732643,59.88942,0.620712,0.461895,0.633537,-141.154373,76.741882,-298.223846,2.18384,0.0,-0.384186,-0.525201,0.759319,46.407356,191.163315,-64.894524,2.447789,-74.399277,28.744757,84.500763,42.827801,1.0,14.552383,9.366131,157.167847,-114.517975
0.634407,-0.737993,-0.229988,0.454454,0.59676,-0.661324,-0.6253,-0.31503,-0.713972,59.88942,0.612831,0.486059,0.623044,-146.721741,74.985435,-291.789673,2.281687,0.0,-0.363002,-0.527176,0.76832,46.853104,189.244659,-63.926353,5.926054,-15.805438,3.03639,84.500763,40.067608,1.0,14.647903,10.068467,153.977249,-112.765297
0.638414,-0.723409,-0.262882,0.451267,0.628472,-0.633546,-0.623527,-0.285835,-0.727676,59.88942,0.622527,0.437526,0.64887,-145.242416,82.5476,-295.763641,2.930309,1.0,-0.364966,-0.571134,0.735259,48.500809,186.067459,-62.569576,16.880541,-21.147165,10.73103,84.500763,31.9275,1.0,14.74209,11.10329,154.218948,-113.303101
0.614122,-0.745429,-0.25921,0.471931,0.610109,-0.636434,-0.632562,-0.268519,-0.726473,59.88942,0.639023,0.475336,0.604735,-147.004211,83.872353,-292.661804,2.955707,1.0,-0.347342,-0.523152,0.778245,50.248093,185.46312,-62.407337,15.741265,-6.346548,2.437211,84.500763,31.686007,1.0,14.83746,11.607099,151.201874,-110.50309
0.629444,-0.73157,-0.261924,0.443299,0.614921,-0.652195,-0.638189,-0.29441,-0.711363,59.88942,0.640081,0.484661,0.596154,-147.759644,75.891769,-287.986847,2.909282,1.0,-0.32591,-0.531384,0.781929,51.029728,184.667755,-62.09771,1.934965,-10.248739,4.355484,84.500763,16.175661,1.0,14.932981,12.26253,149.713257,-109.616745
0.624589,-0.73595,-0.261278,0.456786,0.615639,-0.642133,-0.633431,-0.281721,-0.720693,59.88942,0.640607,0.476353,0.602255,-146.535202,78.743942,-290.437439,2.896294,1.0,-0.335936,-0.531417,0.777652,51.045841,183.752411,-61.772644,-1.710802,-5.403903,-0.085216,84.500763,18.969896,1.0,15.028249,12.293824,149.38385,-109.727875
0.619594,-0.739683,-0.262626,0.465826,0.615812,-0.635438,-0.631751,-0.271376,-0.726117,59.88942,0.641012,0.476378,0.601804,-146.073013,81.592491,-292.238739,2.958321,1.0,-0.339029,-0.527703,0.778838,51.104309,183.944,-62.197857,-0.867691,3.601376,-6.837683,84.500763,18.248232,1.0,15.123661,12.334741,149.638412,-110.169151
0.618065,-0.741831,-0.260158,0.469933,0.613948,-0.634216,-0.630205,-0.26973,-0.728071,59.88942,0.644921,0.481446,0.593538,-146.183197,82.88279,-293.102753,3.064314,1.0,-0.334995,-0.519962,0.78576,50.863678,185.162994,-63.032196,-5.188168,6.469483,-1.925991,84.500763,8.2694,1.0,15.219877,11.837038,150.515915,-110.543251
0.606174,-0.751558,-0.260219,0.492903,0.611771,-0.618695,-0.624179,-0.246774,-0.741285,59.88942,0.648741,0.463483,0.603587,-145.539276,89.323738,-296.503754,3.110039,1.0,-0.353233,-0.519129,0.778288,50.189346,184.628525,-62.411945,0.051023,-13.348822,7.043309,84.500763,7.207899,1.0,15.334177,10.97002,151.200775,-110.63102
0.608996,-0.750621,-0.256303,0.489933,0.610111,-0.62268,-0.62377,-0.253638,-0.73931,59.88942,0.650204,0.467534,0.598872,-145.397507,86.38398,-295.251587,3.080379,1.0,-0.349239,-0.516104,0.782092,50.323158,183.732162,-61.949959,7.026846,-12.208053,3.747215,84.500763,9.807937,1.0,15.42714,11.009154,149.982239,-109.874077
0.603414,-0.757742,-0.248433,0.479486,0.593703,-0.646228,-0.637169,-0.270823,-0.721575,59.88942,0.644938,0.477042,0.597064,-147.907654,80.306259,-290.436401,3.036012,1.0,-0.353865,-0.506056,0.786567,50.940392,182.749115,-61.969864,5.078811,-4.775435,-2.850003,84.500763,11.680026,1.0,15.52254,11.858748,148.21347,-109.505722
0.608013,-0.752566,-0.252911,0.484174,0.603941,-0.633112,-0.629202,-0.262487,-0.731577,59.88942,0.642096,0.466089,0.608665,-144.876358,83.6278,-294.2771,2.960721,1.0,-0.359023,-0.518686,0.77593,51.699421,183.171616,-62.48988,6.904609,11.127636,-7.040936,84.500763,14.459645,1.0,15.617956,12.892312,149.444977,-110.838425
0.606538,-0.753305,-0.254251,0.494835,0.607982,-0.620883,-0.622295,-0.250777,-0.741526,59.88942,0.640468,0.460718,0.614442,-142.557709,87.489464,-297.557892,2.984618,1.0,-0.365378,-0.520924,0.771451,52.112114,183.662628,-62.841831,3.113145,7.397127,-4.650828,84.500763,12.049232,1.0,15.713338,13.479012,150.370285,-111.62471
0.61628,-0.742332,-0.262947,0.486202,0.621303,-0.614484,-0.619521,-0.250849,-0.74382,59.88942,0.638282,0.457951,0.618771,-141.58107,87.958664,-298.524536,2.954866,1.0,-0.357537,-0.535491,0.765125,52.218197,183.860168,-62.887115,0.961536,0.873239,0.662527,84.500763,13.323657,1.0,15.80873,13.760264,150.857483,-112.01606
0.626299,-0.733625,-0.263713,0.476182,0.627837,-0.615688,-0.617253,-0.260029,-0.742552,59.88942,0.636991,0.462523,0.616697,-141.050217,85.356384,-298.11676,2.820518,1.0,-0.347915,-0.541392,0.765408,52.071884,183.849915,-62.895096,-3.529252,-2.058295,1.004504,84.500763,15.668583,1.0,15.904113,13.72228,150.557159,-111.926163
0.632184,-0.725593,-0.271769,0.462513,0.634801,-0.618958,-0.62163,-0.265599,-0.736908,59.88942,0.637534,0.464064,0.614976,-142.406113,83.425728,-296.410858,2.797903,1.0,-0.336813,-0.550024,0.764219,51.895317,183.372696,-62.701035,-1.923857,-2.574226,0.741416,84.500763,12.62145,1.0,16.000439,13.464037,150.022995,-111.635597
0.62739,-0.729976,-0.27114,0.467618,0.631598,-0.618399,-0.622668,-0.261188,-0.737608,59.88942,0.639889,0.46574,0.611252,-143.085251,84.002029,-296.209351,2.756554,1.0,-0.337721,-0.544053,0.768082,51.649414,182.952042,-62.544411,-2.974577,-4.225349,1.155249,84.500763,14.686704,1.0,16.094934,13.045093,149.493301,-111.258514
0.523779,-0.836449,-0.161272,0.655982,0.516828,-0.55007,-0.543455,-0.182324,-0.819399,59.88942,0.538544,0.312588,0.78247,-170.732254,123.078941,-310.167725,3.141593,1.0,-0.612707,-0.492197,0.61833,-3.132338,193.223297,-46.363659,5.438068,1.931394,10.18423,84.500763,40.459091,0.48008,16.771528,-34.464085,168.795486,-104.708275
0.509051,-0.832669,-0.21801,0.63987,0.535496,-0.55119,-0.575703,-0.141086,-0.805395,59.88942,0.520129,0.345329,0.781161,-177.060699,132.272507,-306.490631,3.141593,1.0,-0.596802,-0.507326,0.62165,-2.288417,193.427277,-46.461388,16.12146,10.958848,-8.949073,84.500763,38.548698,0.53637,16.866865,-32.706635,167.648987,-104.542603
0.590052,-0.790722,-0.163087,0.592978,0.561523,-0.577121,-0.54792,-0.243824,-0.800209,59.88942,0.518214,0.36663,0.772681,-168.575623,105.313293,-305.32016,3.141593,1.0,-0.559404,-0.538092,0.630495,-1.308637,194.186508,-47.063175,3.047622,3.667067,-4.550968,84.500763,31.838615,0.72956,16.962059,-31.187996,166.450821,-104.672607
0.597812,-0.78856,-0.144199,0.595743,0.557383,-0.578286,-0.536388,-0.2598,-0.802989,59.88942,0.517998,0.355601,0.777962,-165.546738,101.873993,-306.361481,3.141593,1.0,-0.56718,-0.538016,0.623575,-1.293179,194.282333,-47.079208,-3.060842,0.796413,0.47292,84.500763,28.261276,0.82579,17.057463,-31.050642,167.01741,-105.01664
0.583899,-0.797399,-0.152372,0.603221,0.551762,-0.57592,-0.543311,-0.244365,-0.80318,59.88942,0.51403,0.359675,0.778722,-167.998947,105.321426,-305.848785,3.141593,1.0,-0.57339,-0.531123,0.623805,-2.180967,194.001358,-46.533245,-6.954872,-9.570846,10.300324,84.500763,32.814941,0.716249,17.152857,-31.766855,166.594482,-104.456047
0.557008,-0.810182,-0.18261,0.606261,0.546937,-0.577329,-0.567618,-0.210867,-0.79583,59.88942,0.515174,0.357859,0.778802,-174.498749,113.757538,-303.638885,3.037102,1.0,-0.577145,-0.526927,0.623901,-2.243951,193.64267,-46.228523,1.305663,0.632698,-0.079694,84.500763,34.383492,0.667349,17.248362,-32.172001,166.631302,-104.089218
0.569197,-0.802648,-0.178245,0.597662,0.55279,-0.58071,-0.564637,-0.224008,-0.794358,59.88942,0.510333,0.371913,0.775397,-173.317017,109.275299,-302.850983,3.020145,1.0,-0.567915,-0.531325,0.628623,-2.179074,193.347488,-46.044712,2.033656,-12.308769,5.023891,84.500763,32.857666,0.658494,17.34532,-31.737505,165.443893,-103.670326
0.580387,-0.797594,-0.164299,0.593834,0.552585,-0.584817,-0.557236,-0.241854,-0.794351,59.88942,0.514009,0.377822,0.770095,-171.346436,103.579956,-302.355255,3.02742,1.0,-0.562258,-0.52961,0.635121,-1.914842,192.653717,-45.853382,0.934754,-8.034721,1.161661,84.500763,34.043396,0.630413,17.439211,-31.622686,164.223389,-103.1763
0.576174,-0.7991,-0.171645,0.594261,0.553763,-0.583267,-0.561139,-0.234061,-0.793938,59.88942,0.510664,0.380296,0.771101,-172.419617,105.092606,-302.20755,3.03664,1.0,-0.562587,-0.530406,0.634164,-2.184697,192.269882,-45.77018,-3.626118,-5.559337,3.539434,84.500763,33.608894,0.672049,17.551826,-31.717205,163.782104,-103.13224
0.562681,-0.803908,-0.19267,0.595,0.55564,-0.580723,-0.573903,-0.212123,-0.790973,59.88942,0.511616,0.372681,0.774182,-175.780853,110.906998,-301.504761,3.044065,1.0,-0.564412,-0.533593,0.629855,-2.142961,191.906387,-45.620964,3.314534,-3.172528,1.281904,84.500763,34.918293,0.681096,17.64798,-31.877945,164.095596,-103.172913
0.588379,-0.785243,-0.192882,0.575827,0.574379,-0.581818,-0.567656,-0.231263,-0.790117,59.88942,0.5093,0.378789,0.772743,-173.582062,105.526306,-301.336884,3.016191,1.0,-0.545661,-0.552217,0.630325,-1.768989,191.690292,-45.685722,-1.567908,-3.595432,-1.144356,84.500763,35.871754,0.661247,17.74254,-31.24579,163.514145,-103.219734
0.591785,-0.785175,-0.182456,0.581132,0.57242,-0.578464,-0.558637,-0.236296,-0.79504,59.88942,0.507282,0.374543,0.776133,-171.180496,104.164108,-302.768311,3.038769,1.0,-0.551581,-0.550862,0.626347,-1.84557,191.410141,-45.663712,4.329052,-7.014079,1.266021,84.500763,33.57518,0.740138,17.837957,-31.10553,163.413834,-103.416656
0.578339,-0.795958,-0.178813,0.594549,0.561326,-0.575695,-0.558601,-0.226634,-0.797873,59.88942,0.515164,0.370553,0.772849,-171.408295,106.227432,-303.244812,2.997735,1.0,-0.560163,-0.536916,0.630824,-1.546044,190.855698,-45.60593,-0.422209,1.227913,-2.613573,84.500763,34.451889,0.690272,17.933603,-31.342356,163.054581,-103.182793
0.577934,-0.793425,-0.190968,0.590099,0.567934,-0.57379,-0.563716,-0.218923,-0.796427,59.88942,0.511371,0.371038,0.775133,-172.616821,108.293732,-303.081726,2.987987,1.0,-0.556746,-0.544056,0.627723,-1.672842,190.875839,-45.670208,-3.528484,-1.96187,-0.379134,84.500763,33.985062,0.704972,18.028728,-31.268255,163.187317,-103.382248
0.572458,-0.79489,-0.2011,0.586769,0.568467,-0.576669,-0.572707,-0.212119,-0.791841,59.88942,0.50916,0.368649,0.777724,-175.068115,109.587502,-301.861084,2.991154,1.0,-0.557302,-0.54739,0.624323,-1.920142,190.230927,-45.487198,-0.495998,-9.792586,2.283588,84.500763,31.922588,0.774948,18.124088,-31.465111,162.775085,-103.311684
0.548338,-0.811044,-0.203796,0.603624,0.552528,-0.574762,-0.57876,-0.192148,-0.792538,59.88942,0.520961,0.358587,0.774606,-177.045563,113.89119,-301.507355,3.024112,1.0,-0.569817,-0.52957,0.628383,-1.510907,188.916809,-45.130013,11.219937,-17.319986,4.747167,84.500763,34.565971,0.681809,18.221241,-31.924831,162.071121,-102.783249
0.508735,-0.840317,-0.187232,0.644646,0.515963,-0.564104,-0.570631,-0.166281,-0.804195,59.88942,0.544529,0.343399,0.765222,-175.604431,120.124977,-303.902557,3.044668,1.0,-0.594853,-0.485076,0.640976,-0.554852,187.920776,-45.077579,2.834819,-0.487986,-0.929757,84.500763,40.444221,0.462397,18.315151,-32.521973,161.819031,-102.25528
0.568814,-0.793063,-0.217949,0.477569,0.534222,-0.697521,-0.669611,-0.292674,-0.682615,59.88942,0.633905,0.527105,0.565972,-175.906921,92.787781,-304.958557,3.080047,1.0,-0.364013,-0.44233,0.819658,30.682161,204.264725,-88.865189,2.010012,-12.556265,22.401337,84.500763,31.002966,0.777577,18.930859,-8.005938,166.174057,-133.79689
0.598576,-0.767567,-0.229232,0.473054,0.569631,-0.672117,-0.646472,-0.293874,-0.704068,59.88942,0.599742,0.503712,0.621759,-168.951462,92.179588,-308.74939,3.088717,1.0,-0.385975,-0.498541,0.776196,29.296309,202.174637,-83.787048,-35.254498,-28.063131,62.150562,84.500763,24.620165,0.932971,19.025993,-6.852322,165.866776,-132.208542
0.570664,-0.787339,-0.233323,0.464833,0.543941,-0.698612,-0.676958,-0.290216,-0.676389,59.88942,0.587079,0.525526,0.61576,-178.107178,91.050095,-298.637512,2.522329,0.639431,-0.39261,-0.48036,0.78429,27.276419,201.469498,-81.404961,-12.785735,-15.202415,24.339426,84.500763,41.788631,1.0,19.121365,-8.363839,163.820023,-129.036957
0.587201,-0.77931,-0.218792,0.481454,0.553553,-0.679545,-0.650689,-0.293691,-0.700249,59.88942,0.574071,0.501304,0.647408,-171.444962,90.56868,-305.356781,2.469698,0.594616,-0.418769,-0.499687,0.758252,26.203821,200.371429,-80.115082,-5.145782,-11.682094,4.124238,84.500763,41.911674,1.0,19.217821,-8.288425,164.209885,-129.773422
0.606033,-0.763469,-0.223245,0.474553,0.572262,-0.668817,-0.638376,-0.299384,-0.709116,59.88942,0.581479,0.47926,0.657413,-169.232544,89.888474,-307.819824,2.601699,1.0,-0.412818,-0.522497,0.746042,25.671806,199.734741,-79.529434,2.084908,-6.724492,9.145864,84.500763,39.108116,0.983822,19.31221,-9.16355,164.957199,-130.013153
0.601331,-0.770496,-0.211509,0.485422,0.562561,-0.669246,-0.634638,-0.299768,-0.712301,59.88942,0.574217,0.505358,0.644118,-168.944672,88.773666,-307.659973,2.531831,1.0,-0.413263,-0.500249,0.760897,24.524281,200.378922,-79.453728,-33.609238,75.153641,-44.832157,84.500763,40.486595,0.897046,19.407572,-9.812828,163.938629,-129.054565
0.631609,-0.735447,-0.245331,0.438783,0.59998,-0.66895,-0.639171,-0.314868,-0.701654,59.88942,0.558032,0.50027,0.662066,-169.619446,85.390526,-305.376526,2.394635,0.277058,-0.383804,-0.551778,0.740429,23.957474,200.159256,-78.69696,-3.216062,-0.988768,5.950912,84.500763,40.807987,0.917687,19.502945,-9.351077,164.341766,-129.440872
0.633721,-0.733837,-0.244706,0.428326,0.596294,-0.678948,-0.644154,-0.32545,-0.692206,59.88942,0.55479,0.504969,0.661222,-170.58342,82.720306,-302.695587,2.397715,0.309767,-0.380038,-0.55318,0.741325,24.0798,200.491699,-78.536537,3.631134,4.314635,-0.614678,84.500763,42.903355,0.981886,19.598337,-9.065682,164.324875,-129.129135
0.60749,-0.758334,-0.236401,0.450197,0.573899,-0.684078,-0.65443,-0.309143,-0.690038,59.88942,0.559169,0.504955,0.657533,-172.622223,86.765022,-301.937958,2.417319,0.413609,-0.400596,-0.529815,0.747542,25.014898,200.51712,-78.67775,13.014752,0.098609,-5.646015,84.500763,43.050709,0.985009,19.693722,-8.527837,164.280884,-128.915039
0.590535,-0.779517,-0.208859,0.483289,0.548865,-0.682041,-0.646297,-0.30183,-0.700856,59.88942,0.570834,0.505185,0.647254,-170.140244,88.669785,-304.700439,2.501788,0.647179,-0.422167,-0.495536,0.759091,26.147102,200.845261,-79.361572,5.694912,-0.853201,-0.787624,84.500763,40.259777,0.921708,19.806433,-8.085025,164.351868,-128.965042
0.592221,-0.777601,-0.211214,0.481387,0.551639,-0.681146,-0.646174,-0.301713,-0.701019,59.88942,0.575497,0.507044,0.641646,-170.184021,88.392326,-304.502228,2.488654,0.524583,-0.415494,-0.494507,0.763431,26.378904,200.649857,-79.409157,1.43136,4.855392,-2.492272,84.500763,39.788994,0.90096,19.902512,-8.159647,164.045074,-128.725754
0.603052,-0.764561,-0.227543,0.469775,0.570925,-0.673317,-0.644701,-0.299151,-0.703469,59.88942,0.579272,0.498453,0.644972,-169.972595,88.981613,-305.072357,2.647871,1.0,-0.401875,-0.513761,0.757988,26.449209,199.918381,-79.001892,10.851362,-17.016279,9.266552,84.500763,37.122375,0.865298,19.998095,-8.317537,163.991898,-128.68161
0.607385,-0.76151,-0.226242,0.466849,0.572587,-0.673941,-0.642756,-0.30372,-0.703291,59.88942,0.571415,0.50326,0.648239,-169.543655,88.178848,-305.452454,2.635476,1.0,-0.402206,-0.51679,0.75575,25.85331,200.545074,-79.270844,-20.003166,30.855537,-18.092579,84.500763,39.839424,0.851677,20.092627,-8.376369,164.334915,-129.106308
0.60121,-0.76608,-0.227307,0.464295,0.566404,-0.680894,-0.650367,-0.303823,-0.696215,59.88942,0.571347,0.517536,0.636961,-171.782349,88.353943,-303.618042,2.460055,0.508758,-0.396138,-0.505813,0.766308,25.607344,201.641724,-79.969574,-2.322707,5.880993,-4.293691,84.500763,39.284473,0.855524,20.188,-8.706757,164.535812,-129.046341
0.611206,-0.754985,-0.23754,0.446784,0.576852,-0.683831,-0.653308,-0.311833,-0.689891,59.88942,0.566208,0.516318,0.642514,-172.363846,87.030525,-302.521912,2.438926,0.44653,-0.386091,-0.522568,0.760169,25.450748,202.180359,-80.130577,-1.504669,-1.765414,2.045429,84.500763,40.002464,0.892823,20.283928,-8.550799,165.220749,-129.535843
0.620374,-0.743981,-0.24825,0.431285,0.58797,-0.684314,-0.65508,-0.317464,-0.685629,59.88942,0.560726,0.513174,0.649799,-172.550049,85.838181,-301.670197,2.397495,0.279709,-0.377682,-0.539865,0.752265,25.364506,202.115082,-79.90126,0.847574,1.405785,1.932923,84.500763,41.493595,0.924513,20.378794,-8.292635,165.440399,-129.752777
0.605264,-0.758135,-0.242666,0.446309,0.575627,-0.685172,-0.659139,-0.306406,-0.686769,59.88942,0.560243,0.508353,0.653991,-173.505432,88.684914,-301.936768,2.441582,0.446043,-0.395099,-0.529929,0.750381,25.436121,201.912033,-79.711098,1.525624,-0.666566,0.27102,84.500763,39.633408,0.904873,20.474171,-8.230332,165.514435,-129.73349
0.591072,-0.772821,-0.231045,0.462505,0.559385,-0.687879,-0.66085,-0.299726,-0.68807,59.88942,0.566089,0.505481,0.651178,-173.849701,90.241425,-301.983002,2.480228,0.63245,-0.409713,-0.512933,0.754344,25.923531,201.728882,-79.660156,4.796144,-6.448958,4.770425,84.500763,39.751705,0.90524,20.569584,-8.145357,165.396057,-129.453415
0.591192,-0.772913,-0.23043,0.461974,0.558707,-0.688786,-0.661115,-0.300752,-0.687368,59.88942,0.570942,0.501185,0.650261,-173.994217,90.03846,-301.628265,2.469427,0.582533,-0.409114,-0.513015,0.754613,26.162947,201.552841,-79.515236,1.084156,0.863943,-0.027752,84.500763,41.01189,0.928785,20.665621,-8.223616,165.450317,-129.274673
0.583736,-0.755631,-0.297108,0.471055,0.613217,-0.634091,-0.661331,-0.230188,-0.713901,59.88942,0.584946,0.518166,0.623973,-157.11409,94.660812,-284.244904,2.363312,0.0,-0.362602,-0.521088,0.77265,44.10844,188.673386,-56.435364,30.7904,-35.979492,45.792122,84.500763,45.849236,0.932075,21.306829,8.710731,152.379028,-105.23838
0.604413,-0.739643,-0.295997,0.467824,0.630254,-0.619614,-0.644846,-0.236028,-0.726956,59.88942,0.5785,0.493657,0.649338,-151.461105,92.867165,-285.382233,2.320975,0.0,-0.370031,-0.550614,0.748266,45.000175,186.752197,-52.636703,-16.465792,-4.916782,27.528414,84.500763,46.553181,0.956243,21.402052,10.230173,152.049744,-103.102356
0.601131,-0.745768,-0.287179,0.470264,0.620658,-0.627403,-0.646137,-0.242101,-0.723805,59.88942,0.581013,0.463099,0.6693,-153.733475,92.851074,-284.474823,2.281817,0.0,-0.392401,-0.561069,0.728851,43.191936,186.509567,-51.403591,-15.122417,0.802185,2.66736,84.500763,49.004387,1.0,21.498198,8.281671,153.55658,-102.985046
0.643764,-0.699159,-0.311037,0.403481,0.655506,-0.638369,-0.650208,-0.285461,-0.704089,59.88942,0.570464,0.490585,0.658708,-155.810547,79.959404,-278.282074,2.222919,0.0,-0.331473,-0.596273,0.731153,41.50499,186.078766,-50.756763,-13.011755,-14.928464,15.625537,84.500763,36.295029,0.69717,21.592882,7.225322,151.53717,-101.735954
0.64194,-0.695454,-0.322888,0.400291,0.663135,-0.63247,-0.653972,-0.276759,-0.704077,59.88942,0.563026,0.508351,0.651598,-157.223633,79.394608,-276.278839,2.262923,0.0,-0.319262,-0.593445,0.738847,40.620171,184.259003,-49.16983,-4.94558,-20.434498,14.823478,84.500763,31.917627,0.529633,21.688248,6.756104,148.790237,-99.735649
0.621262,-0.723909,-0.299982,0.451903,0.643739,-0.617563,-0.64017,-0.248105,-0.727067,59.88942,0.576998,0.474602,0.664701,-154.458466,85.123566,-281.643219,2.31565,0.0,-0.366497,-0.576851,0.730016,40.657864,180.830185,-47.884315,4.839829,-35.723385,10.162954,84.500763,29.7185,0.453158,21.783751,6.060273,147.334549,-99.335426
0.616298,-0.721583,-0.315426,0.449073,0.651047,-0.61194,-0.646923,-0.235488,-0.725283,59.88942,0.582571,0.467474,0.66489,-155.909622,87.584267,-281.158386,2.259989,0.0,-0.360988,-0.584115,0.726978,41.342079,179.534042,-47.771824,4.690882,-11.648084,1.678505,84.500763,36.123161,0.691662,21.87904,6.302558,146.6315,-99.297897
0.610799,-0.722987,-0.322821,0.453996,0.653825,-0.605311,-0.648701,-0.223164,-0.727589,59.88942,0.575479,0.469718,0.669469,-155.607208,90.420944,-282.14093,2.25557,0.0,-0.365001,-0.585033,0.724231,41.651447,179.277496,-47.918468,6.820947,1.136126,-5.221728,84.500763,36.112717,0.720878,21.991728,7.050639,146.377914,-99.702316
0.611979,-0.720997,-0.325031,0.446504,0.654192,-0.610464,-0.652775,-0.228464,-0.72228,59.88942,0.577994,0.474026,0.664246,-156.646301,89.331444,-280.968872,2.231129,0.0,-0.357233,-0.584868,0.728226,41.844555,179.809875,-48.405876,0.03488,2.974453,-4.454945,84.500763,35.120846,0.671947,22.08717,7.0333,146.617401,-99.861427
0.6269,-0.710029,-0.320709,0.428864,0.658154,-0.618797,-0.65044,-0.250383,-0.717103,59.88942,0.577745,0.474716,0.663969,-156.27739,84.005478,-280.120209,2.205612,0.0,-0.346464,-0.593917,0.726103,41.577503,180.135818,-48.881756,-6.635604,5.889129,-6.326151,84.500763,38.549828,0.76214,22.182585,6.816568,146.787613,-100.310951
0.639735,-0.701172,-0.314797,0.418652,0.661376,-0.622344,-0.644569,-0.266345,-0.716653,59.88942,0.581112,0.46692,0.666554,-155.449509,80.476418,-280.891968,2.188586,0.0,-0.342123,-0.602991,0.720662,41.080322,180.233978,-49.572598,-8.043361,-2.844565,-5.829052,84.500763,41.83952,0.846572,22.277952,6.172353,147.260818,-101.195511
0.654737,-0.687806,-0.313437,0.407712,0.670549,-0.619786,-0.636468,-0.278005,-0.71946,59.88942,0.577514,0.464049,0.671667,-153.742218,77.323814,-282.237976,2.180705,0.0,-0.335301,-0.615315,0.713415,40.433258,179.826218,-49.854504,-7.526444,-8.970476,-1.455039,84.500763,41.02586,0.838052,22.373322,5.848258,147.03186,-101.837662
0.657821,-0.682687,-0.318134,0.405377,0.676913,-0.614376,-0.634776,-0.275186,-0.722034,59.88942,0.579394,0.467788,0.667441,-154.221558,77.249176,-282.670868,2.182168,0.0,-0.326699,-0.616942,0.715996,39.648003,179.206955,-49.820873,-7.164085,-3.666996,-0.650347,84.500763,38.904827,0.79277,22.468678,4.944739,146.250336,-101.625191
0.66007,-0.679655,-0.319965,0.406086,0.681171,-0.60918,-0.631983,-0.272168,-0.725618,59.88942,0.575977,0.460671,0.675302,-153.685501,78.199234,-284.11264,2.172971,0.0,-0.33066,-0.624203,0.707838,39.224537,178.896881,-49.872089,-0.842418,-4.984291,-1.005006,84.500763,39.13488,0.83108,22.566662,4.780478,146.443817,-102.168098
0.662979,-0.676294,-0.321069,0.400539,0.682759,-0.611071,-0.632477,-0.276527,-0.723537,59.88942,0.573544,0.456296,0.680324,-153.753647,77.429916,-284.329895,2.169832,0.0,-0.331156,-0.630463,0.702034,39.119556,178.950806,-50.335976,-1.155774,2.238552,-8.042353,84.500763,42.982582,0.915651,22.659466,4.836157,146.767349,-102.907188
0.662432,-0.675699,-0.323442,0.378272,0.674386,-0.634124,-0.646602,-0.297715,-0.702333,59.88942,0.569502,0.450425,0.687594,-157.332504,72.57399,-279.877014,2.167884,0.0,-0.332059,-0.63914,0.693712,38.946186,179.192886,-50.995792,-0.305748,3.246573,-7.445235,84.500763,43.154881,0.952092,22.754877,4.799139,147.224274,-103.771164
0.659894,-0.680519,-0.318486,0.385401,0.670441,-0.634014,-0.644985,-0.295638,-0.704693,59.88942,0.571945,0.441496,0.691347,-157.134277,73.603439,-281.125397,2.171529,0.0,-0.341776,-0.637909,0.690118,38.870773,179.199142,-51.425076,-0.037422,-3.897984,-3.510234,84.500763,40.811024,0.939303,22.850336,4.591891,147.732849,-104.427689
0.654799,-0.687774,-0.313378,0.393918,0.664418,-0.63512,-0.645033,-0.292431,-0.705986,59.88942,0.575099,0.437877,0.691032,-157.427887,74.420837,-281.75354,2.185715,0.0,-0.349805,-0.631961,0.691565,38.790337,179.045456,-51.756226,-0.719652,-4.048761,-3.122549,84.500763,38.775307,0.926145,22.945747,4.310349,147.74614,-104.731667
0.646521,-0.693285,-0.318382,0.40558,0.665819,-0.62625,-0.646155,-0.275754,-0.711649,59.88942,0.574835,0.430409,0.695926,-157.948456,78.256775,-283.367065,2.176889,0.0,-0.35862,-0.631939,0.687055,38.544136,178.121063,-51.620697,-2.254686,-3.3621,0.163853,84.500763,40.046307,0.95574,23.058865,4.071005,147.400543,-104.925392
0.643971,-0.689068,-0.332396,0.397811,0.672716,-0.623859,-0.653489,-0.269516,-0.707328,59.88942,0.574948,0.423486,0.700068,-160.433563,79.999352,-282.404663,2.209719,0.0,-0.354668,-0.642065,0.679679,37.982777,177.741135,-51.493008,-8.704017,-4.75818,2.220304,84.500763,41.315754,1.0,23.154016,3.425031,147.578873,-105.046356
0.643202,-0.694673,-0.322057,0.406169,0.666096,-0.625575,-0.64909,-0.271561,-0.710588,59.88942,0.579517,0.429893,0.692353,-160.284836,78.643425,-282.725311,2.300444,0.276189,-0.356217,-0.630482,0.689639,37.284355,177.402313,-51.434856,-4.988648,-1.894781,-1.630608,84.500763,40.95509,1.0,23.249166,2.47078,146.735825,-104.549431
0.582578,-0.78166,-0.222734,0.557648,0.583774,-0.590115,-0.591296,-0.219581,-0.775985,59.88942,0.578346,0.370071,0.727023,-170.89389,106.385727,-300.066925,2.432527,0.416009,-0.497297,-0.54653,0.673795,11.568747,189.061218,-50.273289,-20.709648,22.012053,8.966145,84.500763,35.281612,0.567767,24.04776,-22.6299,161.444351,-105.493202
0.605532,-0.776293,-0.175214,0.558773,0.571501,-0.600965,-0.56666,-0.265999,-0.779834,59.88942,0.572522,0.360724,0.736272,-164.918533,94.957993,-301.028961,2.413424,0.306952,-0.51271,-0.543249,0.664837,10.734517,189.227417,-49.780251,0.401457,1.149671,2.996122,84.500763,34.280273,0.552261,24.159761,-22.831911,161.65564,-105.490166
0.597019,-0.777114,-0.199155,0.561474,0.582083,-0.588156,-0.572988,-0.23932,-0.783843,59.88942,0.570022,0.35224,0.742295,-166.431488,102.114326,-302.016357,2.410194,0.329942,-0.51304,-0.553079,0.656425,10.711446,188.856537,-49.326408,-1.129891,-8.683055,6.123834,84.500763,34.849728,0.62336,24.255121,-22.75803,162.122299,-105.472267
0.577126,-0.786594,-0.219535,0.574014,0.581935,-0.576073,-0.58089,-0.206451,-0.787365,59.88942,0.56433,0.35255,0.746485,-168.091415,109.642838,-302.674225,2.41386,0.378567,-0.52067,-0.549714,0.653236,10.759706,187.86792,-48.865173,-1.197147,-5.670208,0.575289,84.500763,37.368519,0.593071,24.350981,-22.43656,161.409225,-105.247009
0.584576,-0.780745,-0.2207,0.57302,0.589872,-0.568946,-0.574386,-0.206126,-0.792207,59.88942,0.569721,0.331914,0.751832,-167.736786,110.304871,-304.175354,2.415256,0.406094,-0.521517,-0.561018,0.642868,9.769599,187.160828,-48.693886,-11.273761,-13.804044,4.018158,84.500763,38.467922,0.553406,24.445902,-23.712784,161.989822,-105.534065
0.592974,-0.776568,-0.212894,0.573981,0.593074,-0.564632,-0.564737,-0.212614,-0.797413,59.88942,0.572294,0.322602,0.753928,-166.028641,108.422493,-305.407166,2.448433,0.543098,-0.522435,-0.56522,0.638426,9.129294,186.397141,-48.406914,-4.094465,-6.592436,2.733858,84.500763,42.586754,0.421964,24.541603,-24.424173,161.734314,-105.460594
0.595647,-0.778973,-0.195973,0.584293,0.587605,-0.559752,-0.551187,-0.218908,-0.805154,59.88942,0.572359,0.328364,0.751387,-162.411362,105.790779,-307.025726,2.451664,0.553665,-0.526183,-0.555719,0.643668,9.225977,185.824768,-48.204494,6.442649,-10.800414,3.032266,84.500763,44.268818,0.365039,24.636658,-24.204531,160.680771,-105.138237
0.585617,-0.784709,-0.203187,0.594277,0.586105,-0.550741,-0.55126,-0.201773,-0.809568,59.88942,0.573585,0.329249,0.750063,-161.985168,109.303825,-307.766083,2.4561,0.528991,-0.528885,-0.550375,0.64604,9.765302,184.971817,-47.880489,1.808291,-5.841238,2.304589,84.500763,42.631813,0.412524,24.732548,-23.759979,159.897324,-104.771759
0.590319,-0.775753,-0.223002,0.577242,0.598843,-0.555139,-0.564194,-0.198983,-0.801306,59.88942,0.563024,0.337626,0.75433,-164.497589,109.216682,-305.570312,2.449474,0.49822,-0.519256,-0.565569,0.640707,9.907152,184.496109,-47.590714,0.421581,-8.951898,2.98549,84.500763,39.085144,0.575293,24.827469,-23.02927,159.11055,-104.647644
0.587738,-0.778581,-0.219944,0.572739,0.592408,-0.566589,-0.571432,-0.207035,-0.794104,59.88942,0.558162,0.349613,0.75248,-166.48288,105.847771,-303.359222,2.442782,0.474681,-0.519299,-0.560123,0.645438,9.488213,183.961288,-47.433681,-11.118243,-6.764392,-0.670934,84.500763,36.337475,0.708574,24.922827,-23.199638,157.760574,-104.242233
0.555087,-0.804775,-0.210274,0.613612,0.566857,-0.549684,-0.561567,-0.176096,-0.808475,59.88942,0.557085,0.336293,0.759317,-164.932404,113.481476,-307.284424,2.415412,0.433702,-0.553178,-0.531689,0.641327,8.469883,183.027969,-47.352211,-13.712282,-11.969856,-2.903564,84.500763,34.411137,0.705883,25.02013,-24.122675,157.636414,-104.564026
0.564499,-0.794711,-0.223103,0.600428,0.58081,-0.549678,-0.566416,-0.176335,-0.805033,59.88942,0.568203,0.318759,0.758643,-167.753967,113.873444,-306.712097,2.415353,0.49817,-0.541571,-0.549262,0.636405,7.619562,182.318298,-47.54174,-5.506721,-4.146154,-0.230029,84.500763,33.376766,0.676657,25.113636,-25.728525,158.08847,-104.854713
0.565795,-0.795922,-0.21537,0.597522,0.575771,-0.558082,-0.568193,-0.187072,-0.801349,59.88942,0.574414,0.317459,0.754499,-168.558716,110.703407,-305.645691,2.432593,0.565063,-0.540228,-0.545469,0.640794,7.685482,181.906006,-47.657661,4.868064,-10.438278,1.270182,84.500763,34.125324,0.606644,25.22633,-26.087557,157.610489,-104.712128
0.556695,-0.804695,-0.206291,0.614937,0.566144,-0.548938,-0.558519,-0.178735,-0.810007,59.88942,0.577273,0.340469,0.742184,-165.451126,111.250504,-307.388153,2.441543,0.484567,-0.539266,-0.523548,0.659614,8.475936,181.797607,-47.949013,10.904185,9.188883,-9.166184,84.500763,38.809299,0.488779,25.321745,-25.405876,156.067215,-104.283752
0.558424,-0.806673,-0.193496,0.617562,0.559989,-0.552296,-0.553878,-0.18892,-0.810882,59.88942,0.582844,0.372851,0.721993,-163.242416,108.034355,-307.290558,2.4328,0.368833,-0.526146,-0.503945,0.684989,9.835753,183.26123,-48.864178,14.825385,14.560488,-11.298409,84.500763,40.817554,0.416036,25.417202,-24.360882,155.404846,-103.966782
0.522783,-0.829677,-0.195791,0.620673,0.527897,-0.579733,-0.584349,-0.181553,-0.790933,59.88942,0.592058,0.390705,0.704852,-170.672592,109.352074,-301.993195,2.41014,0.264977,-0.5302,-0.469839,0.70579,10.992127,183.964264,-49.890182,10.757973,1.643165,-9.749801,84.500763,37.797501,0.445947,25.512537,-24.150625,154.875397,-103.671371
0.50792,-0.840363,-0.189227,0.632853,0.513072,-0.579874,-0.584392,-0.174777,-0.792426,59.88942,0.606498,0.377726,0.69963,-171.272217,111.724991,-302.830322,2.400986,0.26411,-0.536569,-0.454904,0.710743,11.389828,183.952484,-50.618874,1.386679,2.021037,-8.927209,84.500763,36.59166,0.458115,25.607929,-24.739292,155.549286,-104.134232
0.505505,-0.840837,-0.193539,0.637386,0.515098,-0.573073,-0.581553,-0.166332,-0.796323,59.88942,0.604181,0.384795,0.697781,-170.553589,113.885918,-304.216187,2.370118,0.127907,-0.535653,-0.452189,0.713163,11.220688,184.33989,-51.118729,-4.658579,6.395492,-4.201156,84.500763,34.487389,0.516062,25.703331,-24.732676,155.592667,-104.542938
0.528625,-0.824902,-0.200231,0.615733,0.535,-0.578488,-0.584319,-0.182515,-0.790733,59.88942,0.595837,0.391667,0.701124,-171.248215,109.469406,-302.988037,2.368225,0.103229,-0.521615,-0.475076,0.708675,10.645624,184.34433,-51.093948,-7.827686,-2.286965,1.902351,84.500763,33.430786,0.59066,25.798697,-24.733599,155.233902,-104.716286
0.240452,-0.836993,-0.491555,0.689286,0.503791,-0.520652,-0.683423,0.21363,-0.698065,59.88942,0.572352,0.336929,0.747591,-194.291122,154.624207,-268.137299,2.513645,0.206809,-0.598348,-0.451795,0.661711,12.533772,123.278374,-37.440117,-2.987645,-64.167648,35.877174,84.500763,56.610027,0.235586,26.466467,-22.926802,101.057701,-93.101585
0.288296,-0.806834,-0.515659,0.650438,0.560223,-0.512914,-0.702721,0.187533,-0.686305,59.88942,0.577065,0.297787,0.760473,-199.185104,147.055969,-264.519318,3.141593,1.0,-0.569282,-0.520988,0.635994,12.796747,119.68264,-35.81535,14.346919,-11.320327,-3.799495,84.500763,52.029823,0.18238,26.561911,-22.982016,100.033165,-92.432312
0.388113,-0.76053,-0.520541,0.632674,0.630568,-0.449565,-0.670143,0.154851,-0.725899,59.88942,0.582707,0.310859,0.750879,-190.226578,138.436203,-275.081635,3.141593,1.0,-0.513759,-0.574993,0.636738,13.446314,119.858963,-36.368198,-6.78584,2.833125,-3.501761,84.505539,44.200912,0.045379,26.657227,-22.192095,99.608345,-93.06678
0.371506,-0.755409,-0.539761,0.626088,0.633126,-0.455153,-0.685563,0.168846,-0.708162,59.504616,0.581953,0.312375,0.750834,-194.17717,141.827209,-270.696411,3.141593,1.0,-0.510385,-0.578508,0.636267,13.528136,119.650955,-36.532753,6.202769,-0.640689,-3.928201,84.512985,39.411884,0.0,26.752581,-22.251339,99.484062,-93.10318
0.365954,-0.758779,-0.538824,0.627038,0.628873,-0.45972,-0.687678,0.169626,-0.705922,59.504616,0.582495,0.310155,0.751334,-194.57106,142.896652,-271.045288,3.141593,1.0,-0.51387,-0.575672,0.636034,13.727365,120.415268,-37.448063,2.412998,12.126228,-10.275867,84.512985,37.634762,0.012332,26.848555,-22.114946,100.357727,-94.013863
0.393508,-0.754336,-0.52548,0.606408,0.642593,-0.468342,-0.690956,0.134359,-0.7103,59.504616,0.567829,0.30536,0.764412,-194.258881,135.912857,-273.837616,3.141593,1.0,-0.511343,-0.596879,0.618276,13.855351,122.154518,-38.392971,-2.707569,34.320156,-11.218253,84.512985,33.428299,0.0,26.943382,-20.980576,102.218178,-95.708191
0.41789,-0.744471,-0.520702,0.583703,0.659213,-0.474056,-0.696175,0.105832,-0.710028,59.504616,0.565046,0.333492,0.754657,-195.813828,128.758316,-273.318298,3.141593,1.0,-0.484266,-0.606486,0.630605,13.442104,123.967827,-38.494823,-9.641571,12.756453,2.907011,84.512985,29.696951,0.081953,27.039572,-21.22691,102.217667,-95.257111
0.397973,-0.765546,-0.505526,0.61305,0.631867,-0.474251,-0.682486,0.121174,-0.720784,59.504616,0.571969,0.327212,0.752186,-193.189163,133.069839,-275.679291,3.141593,1.0,-0.508617,-0.57796,0.638178,12.990207,124.19207,-38.283123,0.866991,-3.645197,1.322066,84.512985,32.228024,0.0,27.13467,-22.035109,102.681885,-94.920738
0.398784,-0.76363,-0.50778,0.615807,0.633288,-0.468753,-0.679524,0.125763,-0.722793,59.504616,0.572735,0.320449,0.754511,-192.477112,134.502151,-276.39624,3.141593,1.0,-0.510664,-0.580534,0.634195,12.978845,124.012642,-38.323139,-1.440594,-3.295013,-1.858049,84.512985,33.403851,0.0,27.229586,-22.065752,102.963158,-95.133842
0.408703,-0.757375,-0.50926,0.61227,0.641327,-0.462412,-0.676821,0.122815,-0.72583,59.504616,0.572435,0.321921,0.754112,-191.821716,133.440445,-277.16983,3.141593,1.0,-0.504122,-0.587164,0.633325,12.89482,123.741211,-38.3004,0.02821,-3.469319,2.100034,84.512985,33.162766,0.052784,27.325014,-22.088209,102.640732,-95.14592
0.400961,-0.758333,-0.513966,0.622745,0.637102,-0.454191,-0.671877,0.137957,-0.727701,59.504616,0.578545,0.310704,0.754155,-190.527618,136.575882,-276.961304,3.141593,1.0,-0.509955,-0.583826,0.631738,13.317549,122.31115,-37.565712,-4.542275,-10.914981,4.607179,84.512985,37.28508,0.034661,27.437679,-22.034,101.979042,-94.46814
0.387273,-0.757089,-0.526152,0.62842,0.634343,-0.45022,-0.674617,0.156286,-0.721434,59.504616,0.585917,0.304991,0.750788,-191.426605,141.219315,-275.142975,3.141593,1.0,-0.510305,-0.580844,0.634199,13.646815,121.870728,-37.517838,-1.972468,8.858902,-4.491501,84.512985,42.015282,0.060982,27.534292,-22.245865,102.025909,-94.221603
0.407655,-0.742765,-0.531147,0.591892,0.657868,-0.465697,-0.695328,0.124538,-0.70782,59.504616,0.570307,0.33543,0.749824,-196.648361,132.813232,-272.070923,3.141593,1.0,-0.483355,-0.601028,0.636501,12.76433,123.308617,-38.063068,-9.210003,15.360832,-1.783707,84.512985,40.218781,0.171189,27.62845,-22.273804,101.581459,-94.563507
0.398622,-0.762778,-0.509187,0.591552,0.638119,-0.492819,-0.700833,0.104762,-0.705591,59.504616,0.570379,0.343696,0.746017,-198.512909,127.968063,-271.452972,3.141593,1.0,-0.492592,-0.583662,0.645517,12.337278,124.266479,-38.360291,-1.189409,-0.452175,0.85323,84.512985,32.432938,0.012183,27.723827,-22.757746,101.695847,-94.504723
0.390681,-0.773756,-0.498669,0.603731,0.624315,-0.495721,-0.694893,0.107393,-0.711049,59.504616,0.573561,0.327634,0.750789,-196.982376,129.609756,-273.425629,3.141593,1.0,-0.509465,-0.575036,0.64014,12.529157,124.379196,-38.674141,4.054983,2.301412,-6.851146,84.512985,32.258141,0.0,27.819235,-22.716793,102.677673,-95.108612
0.391228,-0.773541,-0.498573,0.620674,0.621778,-0.477656,-0.679488,0.122579,-0.723374,59.504616,0.573578,0.308205,0.758958,-192.485474,134.561783,-277.467102,3.141593,1.0,-0.523542,-0.574656,0.629026,13.017043,124.251518,-39.025547,3.977675,-1.860564,-1.771263,84.512985,34.063545,0.0,27.915649,-22.083174,103.821274,-96.059097
0.414139,-0.749175,-0.516939,0.612019,0.649577,-0.451091,-0.673737,0.129562,-0.727524,59.504616,0.569018,0.310031,0.761642,-190.14505,136.600037,-278.950989,3.141593,1.0,-0.505614,-0.598535,0.621378,13.533662,124.345261,-39.169365,6.761101,0.556155,2.389796,84.512985,32.680267,0.081327,28.010077,-21.184963,104.108398,-96.502174
0.43263,-0.73601,-0.520692,0.596161,0.666793,-0.447191,-0.67633,0.116948,-0.727255,59.504616,0.567974,0.331438,0.753362,-190.085709,132.819092,-278.60556,3.141593,1.0,-0.481768,-0.608255,0.630814,14.183232,124.991577,-39.32666,6.462917,4.128788,-0.681083,84.512985,31.421448,0.106467,28.1103,-20.475307,103.490723,-96.224228
0.432624,-0.741379,-0.513024,0.592698,0.662661,-0.45781,-0.679372,0.106009,-0.726097,59.504616,0.572746,0.342646,0.744685,-190.969604,129.460297,-277.596466,3.141593,1.0,-0.475752,-0.60085,0.642371,14.403554,125.203072,-39.132389,-0.370772,-0.177734,1.80814,84.512985,31.56354,0.057276,28.203568,-20.59654,102.875343,-95.505684
