-0.778732,-0.626942,-0.022818,-0.274025,0.372638,-0.886595,0.564346,-0.684168,-0.461983,59.504616,0.244089,0.194455,0.950057,105.242897,13.677074,-253.990234,1.682205,0.0,0.127439,-0.977625,0.167356,-20.517466,202.059235,-74.949715,-7.710062,-34.466316,27.891813,84.512985,58.949009,0.648003,0.96257,-36.284092,185.252884,-138.134094
-0.774153,-0.631743,-0.03984,-0.272487,0.389398,-0.879841,0.571347,-0.670276,-0.473595,59.504616,0.23504,0.177096,0.955716,106.607582,14.603553,-254.941376,1.687183,0.0,0.138491,-0.979331,0.147412,-21.499023,198.368164,-72.535339,-2.140945,-39.392345,20.542698,84.512985,59.14912,0.66643,1.057957,-36.675087,182.695633,-136.173019
-0.754362,-0.654404,-0.051893,-0.293547,0.406977,-0.864986,0.587169,-0.637279,-0.499106,59.504616,0.239422,0.17487,0.955038,111.164154,21.458395,-260.35611,1.679607,0.0,0.169917,-0.976013,0.136113,-20.728306,196.624466,-71.461754,19.781029,-9.242768,5.025952,84.512985,59.855618,0.630391,1.153594,-36.086376,181.275543,-135.190002
-0.752195,-0.657281,-0.04673,-0.302287,0.407212,-0.861859,0.585513,-0.63416,-0.504991,59.504616,0.248344,0.178035,0.952171,111.905441,22.215254,-261.863495,1.671666,0.0,0.172346,-0.975403,0.137428,-19.007771,196.760223,-71.668739,15.464113,9.505789,-4.458345,84.512985,60.343864,0.636465,1.248834,-34.929676,181.250214,-135.221786
-0.77004,-0.636856,-0.038126,-0.298619,0.412588,-0.86058,0.563796,-0.651296,-0.507886,59.504616,0.250134,0.200078,0.947313,107.123718,17.223171,-262.628052,1.677661,0.0,0.163831,-0.973053,0.162255,-17.975309,197.457825,-72.026588,13.731728,11.111638,-4.034828,84.512985,60.960377,0.669948,1.344128,-34.265125,180.555374,-135.260162
-0.792811,-0.608902,-0.02627,-0.281574,0.404166,-0.870268,0.540525,-0.682561,-0.491878,59.504616,0.240004,0.22624,0.944041,102.262154,8.613083,-258.946747,1.698274,0.0,0.149444,-0.969483,0.194344,-17.356049,198.477097,-72.657593,7.011246,10.751956,-9.439775,84.512985,60.667122,0.694683,1.439716,-33.290863,179.785873,-135.593384
-0.810382,-0.585718,-0.014671,-0.266633,0.390971,-0.880936,0.521717,-0.709983,-0.473007,59.504616,0.235165,0.240749,0.941667,97.862778,1.458824,-254.684433,1.710588,0.0,0.131025,-0.967847,0.214721,-17.160227,199.251984,-73.385384,0.989701,7.079022,-7.921289,84.512985,60.094883,0.71109,1.534932,-32.973503,179.508621,-136.063492
-0.804949,-0.593151,-0.015109,-0.273975,0.394151,-0.877259,0.526302,-0.702009,-0.47978,59.504616,0.237747,0.229583,0.943805,98.632973,4.036629,-256.872101,1.707466,0.0,0.139408,-0.969671,0.200758,-17.418337,199.135574,-73.717392,-4.066269,-8.213962,-3.435629,84.512985,60.406811,0.714711,1.63035,-33.353268,180.086792,-136.552673
-0.799347,-0.60057,-0.018978,-0.276863,0.396162,-0.875444,0.533284,-0.694529,-0.482946,59.504616,0.239288,0.220019,0.945692,100.184502,6.160055,-258.101685,1.705507,0.0,0.141829,-0.971461,0.190127,-17.607176,198.756882,-74.011299,-1.858099,-6.307063,-3.105606,84.512985,60.603298,0.716578,1.725714,-33.552662,180.334351,-136.988205
-0.792217,-0.609914,-0.019935,-0.284844,0.398479,-0.871824,0.539682,-0.684996,-0.489413,59.504616,0.246548,0.203921,0.947434,100.921234,9.353977,-259.982483,1.695304,0.0,0.144806,-0.974389,0.17204,-18.118364,198.526443,-74.137291,-7.938459,-0.136748,1.271238,84.512985,60.719219,0.704716,1.82134,-34.420319,181.137451,-137.247437
-0.783004,-0.621388,-0.027965,-0.291087,0.405786,-0.866375,0.549703,-0.670235,-0.49861,59.504616,0.246716,0.187035,0.950868,102.907875,13.939361,-262.485077,1.687496,0.0,0.155123,-0.976168,0.151763,-18.729916,198.316101,-74.05793,-3.767787,-0.43551,-2.2091,84.512985,60.36396,0.675403,1.916493,-34.946846,182.021103,-137.443512
-0.781749,-0.622718,-0.033028,-0.288034,0.407554,-0.866566,0.553086,-0.667924,-0.497969,59.504616,0.242069,0.185638,0.952335,104.00428,14.00194,-262.255737,1.691411,0.0,0.156456,-0.97615,0.150511,-18.796406,197.701736,-73.882065,0.744734,-10.311316,2.182679,84.512985,60.157833,0.66778,2.029219,-34.698944,181.504181,-137.374969
-0.777584,-0.627548,-0.039341,-0.293413,0.417476,-0.860013,0.556123,-0.657189,-0.508753,59.504616,0.243261,0.175469,0.953957,104.459908,16.715673,-264.91861,1.688224,0.0,0.164147,-0.976763,0.137806,-19.043287,197.036728,-73.678101,-4.339831,-4.848867,1.06319,84.512985,60.116776,0.667441,2.124608,-35.004841,181.525772,-137.333313
-0.770477,-0.635749,-0.046792,-0.293761,0.419241,-0.859035,0.565747,-0.648121,-0.509773,59.504616,0.236651,0.170387,0.956538,107.075218,19.194475,-265.399841,1.694652,0.0,0.174198,-0.975991,0.130755,-19.32543,196.91713,-73.712357,0.121921,1.387529,-1.358186,84.512985,59.623276,0.651271,2.221204,-34.803131,181.73053,-137.558701
-0.777019,-0.628152,-0.040831,-0.291526,0.416587,-0.861085,0.557902,-0.657176,-0.506819,59.504616,0.241218,0.1784,0.953933,105.386276,16.484558,-264.655945,1.692887,0.0,0.16379,-0.976342,0.141174,-18.706598,196.976501,-73.9039,5.019037,6.572295,-2.478693,84.512985,60.153053,0.664504,2.316156,-34.524544,181.291428,-137.555786
-0.784169,-0.619148,-0.041645,-0.285102,0.419072,-0.86203,0.551176,-0.664104,-0.505144,59.504616,0.238849,0.183024,0.953653,103.837723,14.908379,-264.345673,1.700922,0.0,0.156129,-0.976538,0.148313,-18.646929,197.423935,-74.033249,-3.434242,0.507592,-1.941444,84.512985,60.474201,0.672303,2.410779,-34.386459,181.452682,-137.665512
-0.85895,-0.511932,-0.011401,-0.354334,0.6103,-0.708507,0.369665,-0.604532,-0.705612,59.504616,0.48971,-0.037298,0.871087,74.909256,18.034931,-332.913635,1.32091,0.0,-0.07569,-0.997131,-0.000143,14.046103,170.075912,-96.917839,-9.304399,23.147169,3.890409,84.512985,62.291222,0.644398,3.375324,-17.795528,169.639755,-155.959976
-0.880163,-0.474279,-0.019293,-0.303078,0.592801,-0.746144,0.365318,-0.650881,-0.665505,59.504616,0.464993,-0.032633,0.884713,74.189667,7.647716,-323.368164,1.480064,0.0,-0.137115,-0.989917,0.035552,12.735767,171.709946,-96.64502,-10.984613,10.204391,8.223412,84.512985,59.497803,0.6401,3.468787,-17.42487,170.875931,-156.472641
-0.893212,-0.445894,-0.057893,-0.266072,0.62795,-0.731358,0.362462,-0.637854,-0.679532,59.504616,0.452814,-0.020429,0.891371,73.710869,10.948604,-326.037781,1.603184,0.0,-0.144516,-0.988199,0.050765,12.245632,172.173553,-95.256905,-2.42732,2.019085,15.976337,84.512985,55.424026,0.529514,3.565222,-17.187475,170.909851,-155.624496
-0.88252,-0.467037,-0.055085,-0.285439,0.625059,-0.726516,0.373742,-0.625442,-0.684938,59.504616,0.462228,-0.018761,0.886563,75.580727,14.420092,-326.203583,1.513202,0.0,-0.127747,-0.990756,0.045638,11.789941,172.616409,-94.35392,-5.36482,7.014888,2.206443,84.512985,54.103344,0.522083,3.659534,-18.146318,171.268555,-154.43457
-0.840242,-0.541078,-0.035048,-0.359857,0.60484,-0.710402,0.405581,-0.584297,-0.702923,59.504616,0.477147,-0.012318,0.878737,83.055298,23.034315,-329.07489,1.474319,0.0,-0.039448,-0.999194,0.007414,12.185938,171.483719,-93.221245,1.640856,-3.721514,3.991655,84.512985,55.389996,0.570448,3.756748,-18.65642,169.564621,-152.795609
-0.824743,-0.563509,-0.047505,-0.379766,0.614141,-0.691816,0.419019,-0.552529,-0.72051,59.504616,0.480956,-0.008227,0.876706,85.83358,31.13962,-333.292755,1.475364,0.0,-0.003654,-0.999966,-0.007379,11.80332,171.747681,-93.088608,-9.882838,8.253628,1.749248,84.512985,56.40501,0.63095,3.85033,-19.248219,169.703094,-152.603043
-0.819129,-0.57064,-0.058287,-0.379752,0.615647,-0.690483,0.429901,-0.543461,-0.720996,59.504616,0.475231,-0.007681,0.879828,88.420738,34.95063,-333.890381,1.45972,0.0,0.004978,-0.999922,-0.011418,11.233531,173.277069,-93.341713,-4.762542,27.243074,-8.575976,84.512985,57.526833,0.614302,3.9457,-19.390104,171.239853,-153.07872
-0.837516,-0.545705,-0.027805,-0.360094,0.589493,-0.72307,0.410973,-0.59557,-0.690215,59.504616,0.484893,0.00284,0.874569,82.952324,25.30377,-326.822388,1.444008,0.0,-0.051266,-0.998183,0.031666,11.068744,177.531509,-94.443138,2.18944,42.796276,-15.749032,84.512985,60.982548,0.575541,4.041062,-20.111673,174.661148,-153.729996
-0.86795,-0.495875,-0.027752,-0.318522,0.598654,-0.734954,0.381059,-0.629064,-0.677549,59.504616,0.48968,-0.000322,0.871902,75.243858,21.095551,-324.678253,1.50291,0.0,-0.118773,-0.990703,0.06634,11.18164,181.425537,-95.648796,1.351893,35.476597,-5.69812,84.512985,63.301243,0.590761,4.136953,-20.318333,178.852356,-154.762222
-0.868648,-0.495204,0.014929,-0.326917,0.550289,-0.768314,0.372257,-0.672276,-0.639899,59.504616,0.487071,0.026486,0.872961,73.347977,10.507472,-314.881836,1.463642,0.0,-0.121296,-0.987802,0.097647,11.438713,183.772049,-95.445053,9.730072,10.744884,6.212519,84.512985,60.021309,0.620927,4.249178,-20.006741,179.101028,-154.407837
-0.860995,-0.508299,0.017863,-0.352194,0.570499,-0.741951,0.366942,-0.645107,-0.670216,59.504616,0.493119,0.062381,0.867723,72.948982,15.389371,-321.67218,1.45033,0.0,-0.053531,-0.99336,0.101834,13.084256,183.989517,-94.933456,37.422173,3.831751,18.013765,84.512985,59.031597,0.678308,4.344627,-19.072824,177.169632,-153.595047
-0.814347,-0.576133,0.070066,-0.434184,0.524651,-0.732274,0.385127,-0.626747,-0.677396,59.504616,0.504951,0.141969,0.851393,78.202652,14.304031,-321.88208,1.82875,0.0,0.072283,-0.989871,0.12219,14.727913,183.618179,-94.542923,7.950173,-0.39269,0.017591,84.512985,57.30883,1.0,4.440158,-18.379633,171.479874,-152.004456
-0.796419,-0.597086,0.095938,-0.450846,0.48049,-0.752241,0.403056,-0.642353,-0.651866,59.504616,0.501242,0.14821,0.85252,82.953377,9.652945,-315.51535,1.815469,0.0,0.085627,-0.988882,0.121571,14.612481,183.610718,-94.662613,-4.712768,3.155015,0.23559,84.512985,56.754349,1.0,4.537761,-18.125051,170.742401,-152.040176
-0.801497,-0.593439,0.073707,-0.43775,0.498271,-0.748399,0.407403,-0.632105,-0.65914,59.504616,0.492788,0.144508,0.858066,83.399307,13.760895,-318.127289,1.726991,0.0,0.081623,-0.989442,0.119758,13.411768,184.76622,-95.009369,-18.718184,11.173119,-4.931206,84.512985,57.982552,1.0,4.630766,-18.769444,172.280396,-152.827866
-0.805161,-0.589593,0.063995,-0.426206,0.500224,-0.75374,0.412388,-0.634158,-0.654049,59.504616,0.475687,0.152377,0.866316,84.06469,13.687426,-317.782257,1.765512,0.0,0.088457,-0.988175,0.12524,11.797004,185.732285,-95.422691,-11.557571,2.080351,-1.172563,84.512985,57.10165,1.0,4.726159,-19.354115,172.721786,-153.759644
-0.795381,-0.601411,0.075321,-0.42795,0.469233,-0.77245,0.429217,-0.646626,-0.630593,59.504616,0.46496,0.170289,0.8688,88.488342,9.02698,-311.909241,1.828721,0.0,0.098793,-0.985178,0.140227,11.215206,185.51857,-95.379463,-5.322375,-4.645856,0.548692,84.512985,56.360126,0.923589,4.821873,-19.150789,171.188156,-153.768906
-0.780235,-0.619988,0.082756,-0.44586,0.458485,-0.768765,0.438683,-0.636715,-0.634154,59.504616,0.467736,0.167932,0.867769,90.458015,11.039454,-312.74826,1.750446,0.0,0.12014,-0.984752,0.125814,10.928658,184.980988,-95.40831,-2.830832,-6.139855,0.86071,84.512985,56.614803,0.957607,4.916967,-19.555037,170.715057,-153.714859
-0.7839,-0.616071,0.077182,-0.443468,0.468554,-0.764063,0.434554,-0.633177,-0.640508,59.504616,0.470872,0.166088,0.866426,88.732635,12.553266,-314.311279,1.747867,0.0,0.11501,-0.985293,0.12637,10.453526,185.401077,-95.421249,-6.842732,5.796438,0.544592,84.512985,56.592037,0.953121,5.012327,-20.244888,171.341614,-153.684525
-0.786546,-0.614181,0.064236,-0.435533,0.477983,-0.762787,0.437786,-0.627944,-0.643452,59.504616,0.468261,0.161763,0.868657,89.557968,14.699935,-315.255341,1.742176,0.0,0.107425,-0.986229,0.125749,10.254998,185.861847,-95.429573,0.518958,5.637301,-2.009073,84.512985,56.362679,0.937921,5.107749,-20.230047,172.175949,-153.890259
-0.7912,-0.608281,0.063212,-0.429175,0.478634,-0.765975,0.435673,-0.633169,-0.639755,59.504616,0.467694,0.165924,0.868177,89.125343,13.547463,-314.395538,1.739178,0.0,0.099417,-0.985865,0.134859,10.318427,186.257095,-95.529404,0.769774,3.411013,-1.995584,84.512985,56.24931,0.933898,5.204028,-20.132893,172.333786,-153.957596
-0.806689,-0.589091,0.047166,-0.413444,0.505527,-0.757302,0.422277,-0.630408,-0.651359,59.504616,0.482529,0.124916,0.866927,84.80024,16.283451,-317.299713,1.651501,0.0,0.050639,-0.992101,0.114767,10.209871,185.510986,-95.492622,-3.838939,-15.204853,-10.188464,84.512985,57.94231,0.8664,5.31589,-21.098421,174.377365,-153.951691
-0.828393,-0.560133,0.003915,-0.377225,0.552693,-0.743123,0.414084,-0.617074,-0.669144,59.504616,0.501596,0.053885,0.863422,81.587067,23.582701,-321.326996,1.536213,0.0,-0.04107,-0.99545,0.085984,9.902292,184.519943,-95.034363,0.609682,-8.656929,13.919032,84.512985,58.961098,0.657015,5.411344,-22.257141,178.332855,-153.518906
-0.827112,-0.561942,0.010339,-0.390663,0.56159,-0.729383,0.404065,-0.60732,-0.684027,59.504616,0.522613,0.037334,0.851753,78.441162,26.684687,-323.994202,1.525675,0.0,-0.05009,-0.995971,0.074389,10.570958,184.032944,-94.654404,9.410789,-2.696577,-0.861288,84.512985,61.026215,0.686892,5.506648,-22.890457,178.988663,-152.453568
-0.823596,-0.566735,0.022389,-0.405037,0.560061,-0.722687,0.397033,-0.60427,-0.690812,59.504616,0.522589,0.036028,0.851823,76.863518,27.783194,-325.621857,1.534525,0.0,-0.028353,-0.99782,0.059598,10.929549,184.403534,-94.623581,1.439383,6.856328,-1.418239,84.512985,62.194263,0.741976,5.603931,-22.704676,179.322311,-152.379639
-0.757772,-0.59783,-0.261499,-0.29721,0.67299,-0.677312,0.580903,-0.435527,-0.687653,59.504616,0.286627,0.054813,0.956473,87.264595,64.535278,-336.394714,1.725594,0.0,0.136061,-0.990571,0.015994,-40.169815,179.071747,-99.021736,1.79611,-5.921297,1.654276,84.512985,55.334293,0.648656,6.564591,-58.414558,173.756973,-163.944717
-0.755313,-0.597714,-0.268773,-0.296707,0.677553,-0.672969,0.584352,-0.428556,-0.68911,59.504616,0.286212,0.047082,0.957009,88.853859,65.882019,-336.779541,1.676785,0.0,0.135563,-0.990735,0.008198,-39.514301,178.130142,-98.995636,12.1067,-11.92455,-1.058967,84.512985,54.591148,0.579858,6.660186,-57.690037,173.355423,-163.964188
-0.738813,-0.606311,-0.29418,-0.299231,0.686279,-0.662935,0.603834,-0.401757,-0.688459,59.504616,0.281328,0.034123,0.959005,95.569458,71.664467,-335.973816,1.702268,0.0,0.143937,-0.989562,-0.007015,-38.185688,176.191422,-98.199127,14.391872,-25.791998,17.800669,84.512985,57.695992,0.594641,6.755379,-55.860302,172.417297,-163.321899
-0.745097,-0.591847,-0.307486,-0.296873,0.707144,-0.641727,0.597241,-0.386865,-0.702594,59.504616,0.280745,0.042813,0.958827,95.257576,73.75367,-338.418396,1.681355,0.0,0.146849,-0.989158,0.00117,-36.771767,174.884842,-97.035301,16.593424,-0.167757,12.759912,84.512985,58.525318,0.587894,6.850749,-54.5187,170.771912,-162.221558
-0.787671,-0.554782,-0.26794,-0.269943,0.701703,-0.659351,0.55381,-0.447023,-0.702471,59.504616,0.291336,0.056817,0.954932,84.36837,58.237583,-338.218781,1.63137,0.0,0.101118,-0.994471,0.02832,-35.768681,175.596222,-97.157135,6.290899,-0.771363,-0.714667,84.512985,58.86515,0.705511,6.946194,-54.51622,170.342224,-162.052917
-0.797386,-0.548134,-0.252438,-0.267465,0.695985,-0.666384,0.54096,-0.463847,-0.701575,59.504616,0.30639,0.04551,0.950818,80.888725,54.459377,-337.763275,1.607961,0.0,0.0794,-0.996597,0.022116,-35.068401,175.409698,-97.2332,7.080864,-0.900577,-5.021759,84.512985,58.712986,0.675532,7.041536,-54.773479,170.783096,-161.82193
-0.706416,-0.624859,-0.332456,-0.36667,0.724838,-0.583235,0.605417,-0.290106,-0.741154,59.504616,0.367837,-0.004789,0.929878,95.424973,99.926529,-344.957825,1.585259,0.0,0.158739,-0.984985,-0.067866,-33.612793,173.052689,-95.699226,5.391496,0.736965,15.12956,84.512985,53.206917,0.423332,7.137379,-56.40163,172.679321,-159.090912
-0.701804,-0.62251,-0.346341,-0.356401,0.727785,-0.585925,0.616806,-0.287768,-0.732625,59.504616,0.361779,0.010291,0.932207,99.310181,98.636284,-342.032471,1.722829,0.0,0.154281,-0.986812,-0.048981,-33.089962,171.999191,-94.756317,12.595956,-33.65023,11.700648,84.512985,51.320961,0.326169,7.232457,-55.37265,170.802795,-158.304398
-0.713924,-0.604554,-0.35331,-0.330742,0.735875,-0.590845,0.617189,-0.304964,-0.72531,59.504616,0.321852,-0.01054,0.946732,102.465126,93.649734,-340.591217,1.52988,0.0,0.15417,-0.986009,-0.063389,-32.376881,170.249374,-94.237091,23.250204,-36.670475,8.897137,84.512985,58.788826,0.640164,7.327715,-52.313862,170.128799,-158.69783
-0.765653,-0.54362,-0.343879,-0.287361,0.767346,-0.573239,0.575498,-0.340085,-0.743736,59.504616,0.301093,0.004068,0.953586,93.166039,84.994186,-346.300781,1.580623,0.0,0.125762,-0.991426,-0.03548,-31.998482,171.369095,-94.7976,1.598518,18.077135,-10.247036,84.512985,59.055099,0.709646,7.423117,-51.157688,170.280792,-159.786316
-0.797628,-0.469318,-0.378853,-0.233994,0.819711,-0.522802,0.55591,-0.328352,-0.763642,59.504616,0.339484,0.035225,0.939952,87.266434,87.554047,-350.911804,1.511252,0.0,0.059499,-0.998102,0.015914,-30.70631,172.173279,-95.14032,14.125889,-20.284187,16.80448,84.512985,56.038174,0.654556,7.536399,-52.144978,169.89827,-159.405472
-0.796435,-0.461996,-0.390194,-0.252119,0.840166,-0.480164,0.549662,-0.284044,-0.785615,59.504616,0.372394,0.019345,0.927873,84.268265,98.851517,-354.575714,1.466433,0.0,0.06723,-0.997718,-0.006181,-30.108112,170.988861,-94.031525,1.075805,-2.704746,10.146848,84.512985,49.519558,0.515267,7.633937,-53.576088,170.084137,-157.558853
-0.784296,-0.479178,-0.39404,-0.251565,0.826234,-0.504037,0.567093,-0.296187,-0.768557,59.504616,0.356543,0.020298,0.934058,88.760117,95.620453,-349.788666,1.496293,0.0,0.068756,-0.997623,-0.004566,-31.121332,171.019363,-93.167267,-13.281285,-3.755102,6.03897,84.512985,52.307777,0.464292,7.726613,-53.455559,169.898376,-157.049759
-0.796867,-0.42577,-0.428628,-0.220272,0.865383,-0.450103,0.562568,-0.264258,-0.783381,59.504616,0.346722,0.018484,0.937786,87.361229,103.770302,-353.653839,1.520251,0.0,0.060493,-0.998165,-0.002692,-31.923582,170.598648,-92.983498,-0.884217,-6.179161,0.846756,84.512985,53.768356,0.499791,7.822097,-53.71973,170.040909,-157.197327
-0.80007,-0.418535,-0.429787,-0.221988,0.872117,-0.436043,0.557324,-0.253457,-0.790664,59.504616,0.352032,0.013734,0.935887,85.610329,106.36235,-354.974731,1.523425,0.0,0.062511,-0.998005,-0.008868,-31.977432,170.092438,-92.589516,2.485007,-4.925406,2.973926,84.512985,54.248161,0.49653,7.917396,-54.155605,169.9245,-156.691772
-0.795433,-0.437714,-0.419158,-0.233619,0.859639,-0.454359,0.559204,-0.263489,-0.786044,59.504616,0.354874,0.016605,0.934767,86.312096,103.749817,-353.39035,1.525361,0.0,0.067302,-0.997702,-0.007827,-31.589296,170.323578,-92.260735,7.478499,4.084687,7.122529,84.512985,53.838161,0.50212,8.012808,-53.925289,169.827698,-156.266083
-0.795281,-0.443371,-0.413461,-0.231067,0.852211,-0.469409,0.560479,-0.277775,-0.780195,59.504616,0.353669,0.01848,0.935188,87.135376,99.642418,-351.668091,1.522131,0.0,0.0608,-0.998145,-0.003269,-31.197325,170.025955,-91.993767,3.5289,-7.903811,4.370446,84.512985,53.083824,0.519603,8.108262,-53.421646,169.302841,-156.010376
-0.797979,-0.438726,-0.413218,-0.226099,0.853475,-0.469532,0.558667,-0.281248,-0.78025,59.504616,0.353855,0.018396,0.935119,86.790619,98.566429,-351.551697,1.51862,0.0,0.055525,-0.998456,-0.001369,-31.074516,169.814102,-91.864685,-0.592771,1.767124,-0.582209,84.512985,51.492584,0.540858,8.20447,-53.31213,169.098022,-155.880264
-0.789917,-0.45815,-0.40759,-0.238306,0.841785,-0.484363,0.565014,-0.285476,-0.774121,59.504616,0.352638,0.017415,0.935598,88.793594,97.900726,-350.207855,1.512794,0.0,0.063378,-0.997975,-0.005312,-30.785238,170.268463,-92.059784,-0.331865,8.634229,-2.772633,84.512985,48.847366,0.546911,8.298965,-52.900829,169.492432,-156.073593
-0.793657,-0.465729,-0.391413,-0.242005,0.831982,-0.499239,0.558159,-0.301501,-0.773017,59.504616,0.361859,0.016603,0.932085,86.911118,94.794922,-350.247437,1.508045,0.0,0.05572,-0.998439,-0.003847,-30.358721,171.265518,-92.623047,2.516092,6.001171,-4.063011,84.512985,52.805031,0.539959,8.394423,-53.064137,170.405411,-156.389832
-0.790029,-0.478518,-0.383243,-0.252971,0.823866,-0.507198,0.558444,-0.303751,-0.771929,59.504616,0.366223,0.015002,0.930406,87.004089,94.053871,-349.739532,1.504864,0.0,0.06087,-0.998115,-0.007866,-30.069183,171.067535,-92.515923,5.895825,-5.265363,4.033043,84.512985,55.26527,0.520247,8.489805,-53.042767,170.22876,-156.15477
-0.754037,-0.54445,-0.367427,-0.311663,0.78898,-0.529505,0.578182,-0.284754,-0.764605,59.504616,0.373069,-0.000354,0.927803,92.348221,98.057571,-346.948242,1.479274,0.0,0.106919,-0.993321,-0.043371,-29.363354,169.582916,-91.81752,6.610339,-13.936435,7.813269,84.512985,55.261204,0.50651,8.6025,-52.648357,169.46817,-155.200195
-0.701779,-0.621452,-0.348287,-0.369255,0.735412,-0.568173,0.609227,-0.270125,-0.745571,59.504616,0.376414,-0.019562,0.926245,100.326355,102.712761,-341.724976,1.407496,0.0,0.15463,-0.984427,-0.08363,-29.225595,169.706375,-91.576065,2.604834,2.561333,2.461279,84.512985,54.02388,0.511269,8.697875,-52.455711,170.454773,-154.750488
-0.700155,-0.625027,-0.345142,-0.378236,0.734689,-0.563178,0.605574,-0.263767,-0.750804,59.504616,0.377266,-0.02165,0.925852,99.371353,104.844177,-342.687561,1.398246,0.0,0.165969,-0.981961,-0.090591,-29.13538,170.13736,-91.245872,-0.737509,3.538157,4.341125,84.512985,54.203373,0.50506,8.793241,-52.494701,170.99173,-154.400558
-0.717706,-0.5979,-0.35695,-0.361387,0.757982,-0.543012,0.595229,-0.260726,-0.760082,59.504616,0.381305,-0.015888,0.924313,96.272377,105.838654,-344.973694,1.399775,0.0,0.148821,-0.985756,-0.078337,-29.319313,170.520126,-91.260117,-4.674461,3.401473,-0.301042,84.512985,54.633289,0.500693,8.889754,-52.999256,171.223572,-154.360001
-0.751245,-0.542606,-0.375778,-0.319205,0.797017,-0.51271,0.577702,-0.265221,-0.771958,59.504616,0.375648,-0.011664,0.926689,91.193832,104.601418,-348.023804,1.414759,0.0,0.11571,-0.991506,-0.059385,-30.210936,170.408905,-91.111984,-10.872423,-6.042959,2.212497,84.512985,55.591339,0.507807,8.984017,-53.682396,171.113617,-154.431976
-0.799147,-0.430936,-0.419116,-0.24165,0.868687,-0.432422,0.550427,-0.244289,-0.798344,59.504616,0.365912,-2.8e-05,0.930649,83.867798,108.156166,-354.730286,1.446971,0.0,0.0712,-0.997068,-0.028024,-31.06851,168.749496,-90.783928,-9.481499,-18.361477,0.519855,84.512985,55.366829,0.527452,9.079457,-54.168488,169.419006,-154.521286
-0.843831,-0.536598,-0.003488,-0.401162,0.635141,-0.660049,0.356396,-0.55557,-0.751214,59.504616,0.569675,-0.037179,0.821029,51.213882,36.153385,-362.680481,1.629255,0.0,-0.084228,-0.996357,0.013324,-1.576891,175.304291,-118.201157,0.641486,-16.808964,8.860818,84.512985,49.722652,0.648279,9.842543,-38.163345,175.479538,-174.290649
-0.842766,-0.537349,-0.031645,-0.401614,0.666849,-0.627709,0.358401,-0.516303,-0.777805,59.504616,0.567334,-0.044281,0.822297,51.495396,46.027546,-369.070465,1.686221,0.0,-0.058764,-0.998185,-0.013209,-1.85644,174.623398,-117.756599,-5.251712,3.091522,3.225526,84.512985,48.69231,0.772566,9.938449,-38.384544,175.506119,-174.012314
-0.83462,-0.548073,-0.054995,-0.410614,0.685611,-0.601111,0.367158,-0.479118,-0.797271,59.504616,0.562025,-0.047224,0.825771,53.467968,56.304585,-374.446198,1.664578,0.0,-0.025002,-0.998883,-0.040108,-2.353654,175.219513,-117.974358,-4.005175,7.582529,-2.981978,84.512985,48.887852,0.793433,10.033348,-38.608002,176.457947,-174.506271
-0.834645,-0.548055,-0.054809,-0.410204,0.684929,-0.602167,0.367561,-0.480112,-0.796487,59.504616,0.558907,-0.045708,0.82797,53.387001,55.860523,-374.306183,1.680864,0.0,-0.021645,-0.998944,-0.040536,-2.706906,175.145676,-117.900703,-6.550097,-7.75662,1.43893,84.512985,49.245441,0.778037,10.128714,-38.789986,176.263306,-174.562943
-0.833889,-0.547842,-0.067071,-0.410363,0.696669,-0.588434,0.369096,-0.463165,-0.805758,59.504616,0.566847,-0.051996,0.82218,53.119061,59.900562,-375.900269,1.704187,0.0,-0.024705,-0.99863,-0.046122,-2.934361,174.358917,-117.478531,-5.618577,-4.51602,5.03219,84.512985,49.540073,0.767101,10.224185,-39.442844,176.05336,-173.83194
-0.83793,-0.541013,-0.071952,-0.399988,0.698436,-0.593462,0.371324,-0.4685,-0.80164,59.504616,0.571849,-0.053845,0.81859,52.627678,59.225243,-374.610596,1.680185,0.0,-0.04571,-0.998385,-0.03374,-3.807316,174.819534,-117.415016,-7.322286,8.312095,0.222561,84.512985,49.787392,0.813998,10.321438,-40.49316,176.715744,-173.575073
-0.846594,-0.531389,-0.030062,-0.398814,0.670755,-0.625328,0.352457,-0.51741,-0.779783,59.504616,0.572883,-0.032121,0.819008,47.740879,46.533009,-369.179047,1.548077,0.0,-0.058418,-0.998291,0.001711,-3.736776,176.103973,-117.569565,-1.524323,7.667931,-1.174754,84.512985,49.209351,0.936892,10.414882,-40.64835,176.289246,-173.624817
-0.852283,-0.522447,-0.025728,-0.388556,0.665258,-0.63754,0.350196,-0.533368,-0.769988,59.504616,0.571396,-0.033182,0.820004,47.500816,42.721043,-366.701477,1.39083,0.0,-0.077338,-0.996913,0.01355,-3.549016,176.279083,-117.500862,0.938183,-4.890831,3.991056,84.512985,48.794922,0.922168,10.510377,-40.321587,176.479172,-173.603638
-0.85082,-0.52486,-0.025067,-0.389434,0.66188,-0.640512,0.35277,-0.535198,-0.767539,59.504616,0.57379,-0.036247,0.8182,48.283684,42.697018,-366.131714,1.399276,0.0,-0.0837,-0.996385,0.014557,-3.328564,176.52327,-117.650688,4.781214,4.764935,-2.01707,84.512985,48.968395,0.871755,10.605775,-40.184158,176.914215,-173.647995
-0.854822,-0.518565,-0.019216,-0.385317,0.659103,-0.645844,0.347577,-0.544678,-0.763228,59.504616,0.575366,-0.036874,0.817064,46.751377,40.585938,-364.795654,1.431369,0.0,-0.094456,-0.995295,0.021597,-3.455423,176.783554,-117.481758,-5.595098,3.567998,5.569047,84.512985,48.700054,0.820043,10.70209,-40.414234,177.180359,-173.393158
-0.856855,-0.514668,-0.030261,-0.379942,0.67005,-0.637712,0.348487,-0.53493,-0.76968,59.504616,0.56464,-0.044447,0.824139,46.712559,43.769981,-366.046631,1.452722,0.0,-0.085806,-0.996299,0.005056,-4.314542,177.023956,-116.664169,-12.74653,5.423917,4.007894,84.512985,48.88858,0.839791,10.813784,-40.681141,177.919815,-173.026031
-0.844075,-0.529047,-0.087445,-0.375794,0.699949,-0.607331,0.382513,-0.479772,-0.789622,59.504616,0.541415,-0.055224,0.83894,55.219879,58.75959,-372.042542,1.419653,0.0,-0.047225,-0.998263,-0.035235,-5.912119,177.194565,-116.601738,-15.368282,-3.77439,-3.135863,84.512985,49.930637,0.824441,10.909163,-40.706951,179.076874,-174.020859
-0.838106,-0.532521,-0.118322,-0.382701,0.728545,-0.568122,0.38874,-0.430864,-0.814394,59.504616,0.552502,-0.055087,0.831689,54.681301,70.337143,-378.142059,1.444014,0.0,-0.025159,-0.998461,-0.049419,-7.361137,176.109528,-116.83976,-13.767927,-6.995427,-6.119573,84.512985,50.72744,0.850014,11.004788,-42.807003,178.389359,-173.908035
-0.872112,-0.475537,-0.115261,-0.342871,0.761973,-0.549397,0.349084,-0.439616,-0.827573,59.504616,0.572986,-0.071283,0.816459,42.133953,69.387115,-380.904419,1.387175,0.0,-0.080917,-0.996263,-0.030194,-8.578228,176.064072,-117.212029,-11.392744,5.457753,1.802964,84.512985,50.957752,0.867002,11.100178,-45.409534,179.634247,-173.365265
-0.84927,-0.514504,-0.118431,-0.368677,0.738504,-0.564525,0.377912,-0.435772,-0.816876,59.504616,0.556199,-0.068044,0.828259,50.057262,70.456451,-378.486206,1.430846,0.0,-0.048322,-0.997604,-0.049506,-9.028661,176.587524,-116.767433,1.832872,4.419317,2.279455,84.512985,52.043827,0.85753,11.195353,-44.715614,179.739441,-173.629852
-0.870089,-0.485122,-0.087186,-0.342672,0.722513,-0.600459,0.354289,-0.492576,-0.794889,59.504616,0.555244,-0.050645,0.830144,45.574348,54.945366,-372.652954,1.411171,0.0,-0.087246,-0.996184,-0.00242,-7.542426,176.660904,-116.40799,21.823172,-14.236418,6.313853,84.512985,52.312607,0.854274,11.290757,-43.274338,178.473816,-173.310486
-0.849313,-0.521382,-0.082632,-0.377337,0.709076,-0.595674,0.369166,-0.474734,-0.798964,59.504616,0.549969,-0.050128,0.833679,50.936779,57.913483,-373.512634,1.436553,0.0,-0.043774,-0.998555,-0.031165,-6.191083,175.330429,-116.056847,6.748359,1.929487,0.186448,84.512985,52.055523,0.866974,11.387366,-41.642838,176.967407,-173.148056
-0.844005,-0.528653,-0.090448,-0.382819,0.711909,-0.588758,0.375639,-0.46229,-0.803233,59.504616,0.545526,-0.05455,0.836317,52.960316,61.298065,-374.809509,1.437754,0.0,-0.031081,-0.99851,-0.044856,-6.068954,175.295456,-116.104958,-2.648346,-0.163395,-1.539976,84.512985,53.816284,0.892398,11.4815,-41.242657,177.231232,-173.37442
-0.846021,-0.525525,-0.08985,-0.382303,0.715438,-0.584802,0.37161,-0.460404,-0.806185,59.504616,0.545601,-0.053384,0.836343,51.908092,61.581646,-375.44931,1.444962,0.0,-0.028341,-0.998574,-0.045251,-6.05077,175.164902,-116.004677,0.531719,-2.664275,2.303762,84.512985,53.852615,0.901282,11.576948,-41.284328,177.042007,-173.273972
-0.842697,-0.52983,-0.095615,-0.385722,0.718042,-0.57934,0.375607,-0.451327,-0.809458,59.504616,0.542909,-0.05763,0.837812,53.037159,64.102203,-376.393097,1.438406,0.0,-0.020614,-0.998257,-0.055308,-6.094112,175.121475,-116.024597,-1.690076,2.542675,-3.108567,84.512985,53.668571,0.894451,11.672338,-41.157822,177.286148,-173.396805
-0.834764,-0.541101,-0.101876,-0.392614,0.714678,-0.57887,0.386036,-0.443221,-0.809031,59.504616,0.542773,-0.054771,0.838092,55.328285,66.059029,-376.352783,1.451605,0.0,-0.011283,-0.998257,-0.057932,-6.507635,175.198807,-116.05777,-3.817579,0.344641,-0.836887,84.512985,53.820965,0.909721,11.767686,-41.481838,177.210266,-173.463669
-0.837436,-0.532215,-0.124294,-0.380322,0.730808,-0.566812,0.392501,-0.427396,-0.814417,59.504616,0.55361,-0.055353,0.830935,55.946888,69.799011,-377.195251,1.454371,0.0,-0.028004,-0.998462,-0.047855,-7.029855,174.626526,-115.91581,-6.197144,-11.646306,1.482392,84.512985,54.801777,0.909054,11.880399,-42.484623,176.981598,-172.955399
-0.848613,-0.513334,-0.127844,-0.365124,0.743225,-0.560626,0.382805,-0.429075,-0.818141,59.504616,0.559677,-0.058952,0.826611,53.165565,69.250496,-377.779938,1.434297,0.0,-0.047159,-0.998116,-0.039253,-7.001247,174.152527,-115.812874,0.069826,-4.762298,0.38019,84.512985,55.441685,0.876338,11.975812,-42.834423,176.854202,-172.606277
-0.853095,-0.505777,-0.128131,-0.359889,0.748223,-0.557353,0.377767,-0.429362,-0.820329,59.504616,0.559928,-0.063241,0.826124,51.996922,69.196022,-378.239319,1.434193,0.0,-0.052846,-0.997779,-0.040563,-6.859454,173.877563,-115.752831,0.971157,1.844499,-0.323276,84.512985,55.221859,0.872755,12.07118,-42.739677,176.871597,-172.51683
-0.857021,-0.500362,-0.123099,-0.357281,0.749171,-0.557757,0.371302,-0.434028,-0.820825,59.504616,0.556607,-0.062353,0.828432,50.455765,67.911629,-378.500793,1.435891,0.0,-0.051796,-0.997844,-0.040303,-6.89369,173.865601,-115.7649,0.038193,-1.221017,0.832052,84.512985,55.042362,0.878465,12.166577,-42.659565,176.757416,-172.653961
-0.858355,-0.492943,-0.142245,-0.35407,0.769791,-0.531089,0.371296,-0.405498,-0.835291,59.504616,0.562985,-0.079064,0.822677,49.447262,75.832802,-381.936798,1.41116,0.0,-0.053551,-0.996812,-0.059152,-7.543589,173.333435,-115.881599,-10.753042,-7.935466,-2.459983,84.512985,55.035927,0.869119,12.261977,-43.666382,177.523849,-172.462296
-0.885408,-0.436484,-0.159796,-0.319686,0.821403,-0.472332,0.337422,-0.367122,-0.866815,59.504616,0.574877,-0.1086,0.811001,39.088543,87.454338,-389.391876,1.368952,0.0,-0.076134,-0.993953,-0.079132,-8.454919,172.996811,-116.119514,-4.425977,-3.56413,1.522813,84.512985,54.034725,0.816311,12.357386,-45.5303,179.521317,-172.011765
-0.878162,-0.451781,-0.157242,-0.331903,0.812154,-0.47984,0.344487,-0.369189,-0.86315,59.504616,0.574226,-0.108859,0.811428,40.700779,86.684036,-388.098755,1.522005,0.0,-0.069749,-0.994022,-0.083995,-8.698287,172.815628,-115.727051,-0.675614,-4.31443,6.029449,84.512985,53.284588,0.807743,12.454184,-45.689816,179.269318,-171.637604
-0.808046,-0.555216,0.196969,-0.445782,0.357668,-0.82058,0.38515,-0.750872,-0.536518,59.504616,0.484808,0.203674,0.850575,72.903191,13.485846,-297.162994,1.737659,0.0,0.07018,-0.978431,0.194289,8.270553,219.188522,-106.135193,-2.452719,22.462749,-11.849291,84.512985,56.952415,0.933027,13.259245,-23.684898,201.789719,-162.614914
-0.816142,-0.563372,0.128549,-0.413687,0.414317,-0.810682,0.403455,-0.71481,-0.571201,59.504616,0.453449,0.18303,0.872286,79.034264,24.098227,-307.438751,1.77949,0.0,0.073801,-0.983037,0.167904,7.773536,219.102615,-105.99176,-6.03778,-3.072428,3.188674,84.512985,59.508255,0.904978,13.354659,-22.144327,203.358582,-164.192795
-0.831498,-0.53857,0.136211,-0.406297,0.422355,-0.810271,0.378858,-0.729081,-0.570007,59.504616,0.47718,0.184224,0.859279,71.296822,18.808372,-305.474518,1.747151,0.0,0.032021,-0.980776,0.19249,7.727649,217.281189,-105.135498,3.053439,-21.400007,5.847085,84.512985,57.647884,0.923221,13.450229,-23.713263,201.647568,-162.528
-0.817946,-0.555265,0.150484,-0.425717,0.408264,-0.807518,0.386949,-0.72457,-0.570323,59.504616,0.480906,0.189759,0.855991,73.381561,18.607388,-304.805756,1.711496,0.0,0.055875,-0.980947,0.186068,7.992748,216.412537,-104.651115,2.5634,-6.559044,4.850941,84.512985,55.594498,0.922395,13.545439,-23.657745,200.315308,-161.779892
-0.811082,-0.564541,0.153101,-0.425602,0.390024,-0.816544,0.401259,-0.727444,-0.556611,59.504616,0.473752,0.190904,0.859718,77.884796,17.860777,-301.767456,1.773492,0.0,0.058642,-0.980894,0.185496,8.335858,216.568237,-104.867355,1.202486,7.350781,-4.658583,84.512985,55.559673,0.891131,13.643549,-22.743141,200.289505,-162.180328
-0.816687,-0.559541,0.141196,-0.411561,0.393228,-0.822185,0.404525,-0.729579,-0.55143,59.504616,0.465179,0.185473,0.865568,79.244766,17.919962,-301.18927,1.762899,0.0,0.045527,-0.981522,0.185852,8.292273,216.791656,-105.191872,-0.155056,-6.088555,2.453602,84.512985,55.992325,0.88403,13.737765,-22.202084,200.883942,-162.901489
-0.815786,-0.56243,0.134778,-0.417588,0.411576,-0.810077,0.400141,-0.717132,-0.570622,59.504616,0.472048,0.182218,0.862536,77.173981,21.350218,-306.146851,1.749994,0.0,0.052719,-0.982489,0.178707,7.796497,216.768875,-105.440948,-7.932942,-6.003313,-0.987333,84.512985,55.98077,0.91373,13.832171,-23.173431,201.192734,-163.04599
-0.811483,-0.566999,0.141449,-0.444355,0.441493,-0.779508,0.379532,-0.695411,-0.610213,59.504616,0.500619,0.1546,0.851751,69.492081,27.779524,-315.283264,1.695717,0.0,0.060479,-0.987765,0.143741,7.211611,215.87912,-105.224258,-3.439679,-15.117139,3.002072,84.512985,55.985252,0.960633,13.926972,-25.687065,202.17482,-162.25386
-0.804621,-0.573138,0.155232,-0.459248,0.434953,-0.774537,0.376398,-0.694499,-0.613185,59.504616,0.514106,0.153677,0.843847,67.85804,27.436155,-315.189178,1.649389,0.0,0.063731,-0.987943,0.141092,7.195418,215.273499,-104.908524,-1.212786,-5.571443,2.792414,84.512985,56.037529,1.0,14.022432,-26.535162,201.602814,-161.414383
-0.80822,-0.563593,0.170715,-0.45805,0.419469,-0.783732,0.370096,-0.711624,-0.597177,59.504616,0.516965,0.157039,0.841478,65.865402,22.407448,-310.645721,1.680406,0.0,0.051609,-0.986958,0.152483,6.98481,214.865097,-104.628952,-1.507356,-0.818155,1.502131,84.512985,56.106983,1.0,14.135104,-26.94746,200.868774,-160.885529
-0.806086,-0.564789,0.176741,-0.461964,0.413861,-0.784416,0.369883,-0.713955,-0.59452,59.504616,0.516727,0.153511,0.842275,65.652115,21.515316,-309.794495,1.686085,0.0,0.054738,-0.987705,0.146435,6.827108,214.418213,-104.431183,-2.469267,-7.287705,3.897549,84.512985,56.162663,1.0,14.230502,-27.107395,200.561264,-160.700531
-0.800292,-0.572485,0.178308,-0.470881,0.415943,-0.777986,0.371219,-0.706578,-0.602448,59.504616,0.524694,0.142157,0.839337,65.168922,23.220234,-311.495209,1.669649,0.0,0.054789,-0.989554,0.133349,6.458348,213.540878,-104.294418,-4.619255,-8.89091,2.404146,84.512985,56.173878,1.0,14.326026,-27.925564,200.416107,-160.413025
-0.79959,-0.576306,0.168899,-0.472744,0.430579,-0.76884,0.370362,-0.694603,-0.616731,59.504616,0.529181,0.129941,0.838501,64.276161,26.691965,-315.030853,1.611144,0.0,0.052948,-0.991335,0.12021,6.042902,213.134399,-104.214371,-3.081293,-3.014717,-1.878079,84.512985,55.94685,1.0,14.421353,-28.603479,200.884872,-160.36673
-0.794568,-0.586012,0.158905,-0.477134,0.440776,-0.760302,0.375505,-0.679931,-0.629833,59.504616,0.530077,0.120856,0.839293,65.23999,30.942919,-318.428345,1.550394,0.0,0.060537,-0.992659,0.104707,5.733913,213.06279,-104.199303,-4.405279,-1.84762,1.308139,84.512985,56.165436,1.0,14.516675,-28.929371,201.456284,-160.478622
-0.789958,-0.595884,0.14453,-0.479157,0.452846,-0.751891,0.38259,-0.663215,-0.643251,59.504616,0.528303,0.116198,0.841067,66.786652,35.318325,-321.810211,1.563682,0.0,0.070702,-0.993171,0.092801,5.349676,212.848404,-104.015854,-6.337295,-2.725988,0.279111,84.512985,56.705017,1.0,14.61208,-29.159348,201.639526,-160.49556
-0.788561,-0.600681,0.131732,-0.477941,0.463843,-0.745937,0.386967,-0.651177,-0.652859,59.504616,0.529131,0.115793,0.840602,67.517326,37.91803,-324.023254,1.564589,0.0,0.072357,-0.993194,0.091266,4.981647,212.26413,-103.76873,-3.414855,-8.150111,1.534895,84.512985,56.409752,1.0,14.709475,-29.52651,201.220413,-160.299057
-0.789411,-0.60025,0.128571,-0.478566,0.4706,-0.741289,0.384453,-0.646712,-0.658756,59.504616,0.534108,0.116757,0.837315,66.314369,38.560497,-325.17514,1.560616,0.0,0.069905,-0.993125,0.093893,4.715965,211.75705,-103.612686,-2.219852,0.454278,-1.048638,84.512985,56.178619,1.0,14.805835,-30.098959,200.743118,-159.972046
-0.785991,-0.604531,0.129464,-0.481236,0.466791,-0.741969,0.388111,-0.645484,-0.657815,59.504616,0.531561,0.123553,0.83796,67.132523,38.566273,-324.932983,1.556621,0.0,0.079336,-0.992217,0.095971,4.456934,211.906342,-103.577805,-0.722907,3.181187,-2.704589,84.512985,56.30093,1.0,14.898221,-30.198021,200.440903,-159.965851
-0.785268,-0.605398,0.129796,-0.479518,0.462039,-0.746044,0.391683,-0.648084,-0.653124,59.504616,0.52365,0.130651,0.841856,68.276459,38.069748,-324.243927,1.560029,0.0,0.088413,-0.991169,0.09883,4.234066,212.573227,-103.850189,-3.018503,10.480117,-5.073223,84.512985,56.52367,1.0,14.993634,-29.950003,200.596558,-160.453262
-0.338787,-0.803391,-0.48968,-0.817237,0.509166,-0.269951,0.466205,0.308729,-0.829059,59.504616,0.564011,-0.225827,0.794288,75.448181,220.560333,-355.335266,1.760302,0.0,0.606323,-0.539741,-0.583996,-5.630096,129.121948,-92.089523,-15.486846,-14.28411,2.793573,84.512985,54.627563,0.931278,15.800137,-41.466854,143.137161,-147.423462
-0.60956,-0.64581,-0.459745,-0.654116,0.737379,-0.168537,0.447849,0.197993,-0.871912,59.504616,0.540626,-0.208962,0.814898,69.69902,193.325287,-367.916443,1.983285,0.0,0.399644,-0.788587,-0.467349,-7.581118,129.423676,-93.213432,-10.709204,1.186046,-9.390553,84.512985,53.016121,1.0,15.895475,-42.612743,143.672409,-149.258133
-0.861753,-0.471345,-0.187655,-0.477136,0.878685,-0.015935,0.172401,0.075805,-0.982106,59.504616,0.518162,-0.272233,0.810801,-1.44951,165.927414,-395.972748,2.168082,0.0,0.252064,-0.85728,-0.448926,-8.16545,129.160461,-94.122826,-4.852024,2.781926,2.950738,84.512985,53.360371,1.0,15.990882,-44.684208,146.916885,-149.679932
-0.744022,-0.609061,-0.274728,-0.609923,0.786993,-0.09293,0.272809,0.098421,-0.957021,59.504616,0.511553,-0.280902,0.812039,25.533581,172.803482,-388.902924,1.907186,0.0,0.376326,-0.77635,-0.505627,-7.620409,130.742157,-92.816505,-3.19434,7.56735,12.332038,84.512985,51.130283,1.0,16.087843,-42.881596,148.121307,-148.90097
-0.804948,-0.563357,-0.186249,-0.543159,0.825965,-0.150864,0.238825,-0.020275,-0.970851,59.504616,0.497378,-0.276829,0.82218,16.72603,142.352844,-391.843048,1.878908,0.0,0.298295,-0.835364,-0.461722,-8.420445,130.750046,-91.684242,-6.103804,3.260748,11.294931,84.512985,43.838997,0.916551,16.181643,-43.16671,147.437363,-148.372711
-0.815192,-0.537978,-0.214571,-0.513011,0.842636,-0.163661,0.268851,-0.023338,-0.962899,59.504616,0.490114,-0.283459,0.824281,24.604998,143.09935,-390.277802,2.399594,0.0,0.264708,-0.852585,-0.450586,-8.85364,131.554031,-91.988312,-2.015626,-19.288216,-17.742367,84.512985,37.164959,0.908006,16.294365,-42.817661,148.951965,-148.801666
-0.865541,-0.478666,-0.147368,-0.466352,0.877561,-0.111368,0.182632,-0.027669,-0.982792,59.504616,0.475147,-0.295837,0.828683,3.655341,143.499329,-395.78244,3.141593,1.0,0.236642,-0.864124,-0.444174,-8.199322,132.114243,-92.34993,5.076347,11.548875,0.004156,84.512985,22.228676,1.0,16.390308,-42.145267,150.43808,-149.317535
-0.868401,-0.465034,-0.172114,-0.456812,0.885288,-0.087111,0.19288,0.002977,-0.981218,59.504616,0.473765,-0.305098,0.826112,6.704779,152.13327,-395.382721,3.057576,1.0,0.231728,-0.861823,-0.451179,-7.920165,132.162643,-92.529556,4.00673,2.67366,-8.261206,84.512985,14.409272,1.0,16.485195,-41.665775,151.386734,-149.312561
-0.865428,-0.462978,-0.191538,-0.46216,0.885288,-0.0517,0.193502,0.043778,-0.980123,59.504616,0.485819,-0.307147,0.818316,6.442974,162.926605,-394.815765,3.00094,1.0,0.237905,-0.854411,-0.461934,-7.646701,132.287216,-92.806572,2.427886,16.132231,-18.067339,84.512985,27.644934,1.0,16.580593,-42.083481,151.947815,-149.020233
-0.609789,-0.66234,-0.435273,-0.65539,0.730219,-0.192988,0.445668,0.167592,-0.879371,59.504616,0.489751,-0.267347,0.829861,72.711205,193.54332,-370.288818,2.00596,0.0,0.44007,-0.745879,-0.500003,-6.893792,134.486176,-92.460213,5.666341,16.267485,-4.323173,84.512985,54.519043,0.924938,16.675943,-39.053696,151.514648,-149.759949
-0.567908,-0.684991,-0.456365,-0.673951,0.70528,-0.219931,0.472515,0.182667,-0.862184,59.504616,0.503285,-0.231469,0.832542,78.935616,196.604568,-366.362091,2.24402,0.0,0.451803,-0.750788,-0.481862,-6.937314,135.791595,-92.768547,-6.07184,19.024504,-8.126884,84.512985,52.93692,0.933665,16.771423,-39.561993,150.795273,-150.143173
-0.5873,-0.681595,-0.436471,-0.664223,0.714033,-0.221282,0.462479,0.159955,-0.872082,59.504616,0.487123,-0.232925,0.841699,76.430359,191.634323,-369.867981,2.520743,0.0,0.454496,-0.75537,-0.472069,-7.733381,136.661285,-93.147194,-7.719401,3.235109,-2.635941,84.512985,50.59996,0.905057,16.866787,-39.550381,151.520737,-151.166916
-0.550786,-0.713625,-0.432867,-0.696751,0.678661,-0.232286,0.459535,0.173661,-0.871016,59.504616,0.490616,-0.238127,0.838207,74.96093,195.369934,-369.838379,2.666311,0.0,0.494765,-0.715708,-0.49292,-8.255712,136.954025,-93.491875,-3.820662,5.912784,-5.744222,84.512985,49.486988,0.929013,16.962139,-40.281429,151.819153,-151.404602
-0.545597,-0.721676,-0.426037,-0.706443,0.669541,-0.229461,0.450846,0.175777,-0.875123,59.504616,0.491892,-0.230503,0.839589,72.276253,195.496048,-371.121002,2.515638,0.0,0.507057,-0.708065,-0.491465,-8.602864,137.113922,-93.640602,-3.441751,3.548185,-2.701989,84.512985,49.725491,0.92451,17.057573,-40.787067,151.414627,-151.657333
-0.559113,-0.721165,-0.409039,-0.695631,0.676476,-0.241821,0.451098,0.149335,-0.879892,59.504616,0.49098,-0.223594,0.841989,71.992523,188.371643,-372.430481,2.310892,0.0,0.492874,-0.725654,-0.480105,-8.990759,137.156677,-93.605904,-6.201289,-0.135107,0.838047,84.512985,50.309006,0.924245,17.152996,-41.133999,150.921402,-151.770874
-0.543465,-0.734999,-0.405491,-0.712399,0.659341,-0.240328,0.443997,0.158262,-0.881941,59.504616,0.490888,-0.229686,0.840401,69.905769,190.366562,-372.646973,2.285497,0.0,0.516469,-0.700133,-0.493026,-9.246283,136.727875,-93.328842,-0.566682,2.184967,-3.438142,84.512985,50.828648,0.957634,17.248306,-41.439941,150.677658,-151.473495
-0.510875,-0.766689,-0.388838,-0.747343,0.619633,-0.239862,0.424836,0.168056,-0.889534,59.504616,0.491285,-0.235556,0.838542,65.064529,192.651138,-374.86969,2.265613,0.0,0.566435,-0.64494,-0.513034,-9.126978,136.691391,-93.568192,3.005949,-2.443925,-4.470788,84.512985,52.252419,0.972087,17.343679,-41.476051,150.506119,-151.791916
-0.487307,-0.777653,-0.397224,-0.760219,0.601623,-0.245188,0.429651,0.182496,-0.884362,59.504616,0.494751,-0.236563,0.836217,66.415657,196.414444,-373.932465,2.355289,0.0,0.582716,-0.623559,-0.521168,-8.877654,136.812302,-94.03054,-0.746272,3.633898,-5.659284,84.512985,51.595818,0.957061,17.456429,-41.332294,150.648148,-152.151917
-0.487673,-0.778996,-0.394133,-0.761042,0.600539,-0.245291,0.427773,0.18033,-0.885715,59.504616,0.495283,-0.236589,0.835895,65.801842,195.858719,-374.390778,2.336192,0.0,0.583449,-0.62231,-0.521841,-8.971376,136.836456,-94.159676,-1.346198,3.335036,-5.022087,84.512985,51.808155,0.950631,17.551807,-41.475101,150.635483,-152.270752
-0.509603,-0.778555,-0.366274,-0.749992,0.610578,-0.254374,0.421683,0.145073,-0.895063,59.504616,0.492177,-0.236803,0.837667,64.14666,187.266525,-377.262054,2.301002,0.0,0.571126,-0.638376,-0.516034,-9.178079,137.317337,-94.544563,-0.935631,9.252588,-5.923096,84.512985,52.314713,0.95514,17.647272,-41.603115,150.88501,-152.797882
-0.8175,-0.565121,0.111049,-0.333765,0.307735,-0.891011,0.469355,-0.765466,-0.440191,59.504616,0.259441,0.331861,0.90695,68.525681,43.193733,-274.054565,1.770463,0.0,0.210142,-0.936004,0.282379,-31.056051,261.45636,-103.811501,-14.122124,86.142029,-30.75955,84.512985,59.106247,0.682526,18.349648,-49.179325,235.157501,-163.663284
-0.836522,-0.531109,0.134741,-0.344146,0.317915,-0.883456,0.426375,-0.7854,-0.448721,59.504616,0.269473,0.348483,0.897744,57.211178,42.592041,-279.08316,1.802317,0.0,0.214101,-0.930577,0.296963,-30.474024,266.966003,-107.352303,16.217678,23.639969,-30.090387,84.512985,58.993946,0.691383,18.445011,-49.715233,239.555069,-166.552719
-0.859874,-0.48662,0.15433,-0.348522,0.338672,-0.873976,0.373027,-0.805296,-0.460813,59.504616,0.281874,0.353574,0.891926,45.04845,37.448803,-282.378265,1.740834,0.0,0.206761,-0.930164,0.303389,-27.92396,267.138489,-108.020416,12.515065,-1.447431,-1.245585,84.512985,58.324539,0.674918,18.557823,-48.499409,239.401321,-166.81543
-0.8675,-0.474119,0.150513,-0.341124,0.346791,-0.873711,0.362046,-0.809288,-0.462575,59.504616,0.284016,0.344985,0.894606,42.90258,36.467194,-282.890106,1.734214,0.0,0.192851,-0.934515,0.299149,-27.10055,266.579346,-107.897346,6.894041,-5.343968,4.452473,84.512985,58.241329,0.671885,18.654034,-47.891495,239.420715,-166.885391
-0.861991,-0.483193,0.153282,-0.350397,0.349427,-0.868978,0.366324,-0.802761,-0.470513,59.504616,0.290757,0.334904,0.89627,44.487888,38.065056,-284.790466,1.726741,0.0,0.198811,-0.937442,0.285792,-26.223272,265.914246,-107.690437,14.881194,-8.291495,2.567919,84.512985,58.157688,0.673976,18.751364,-47.378857,239.381714,-166.795135
-0.861829,-0.483426,0.153464,-0.353052,0.354549,-0.865823,0.364151,-0.800372,-0.476234,59.504616,0.29358,0.335348,0.895183,44.288189,38.022839,-286.617889,1.72727,0.0,0.199934,-0.937277,0.285548,-25.68265,265.259125,-108.126266,3.349556,1.582992,-11.514334,84.512985,58.328682,0.700753,18.843933,-47.033657,238.740372,-167.187653
-0.857624,-0.490351,0.155037,-0.355835,0.348141,-0.867283,0.371298,-0.79897,-0.473058,59.504616,0.295294,0.333353,0.895365,45.88586,38.376503,-286.105408,1.738228,0.0,0.201705,-0.937784,0.282623,-25.854055,265.165527,-108.423622,-5.811541,-2.70062,-2.182006,84.512985,58.616543,0.706859,18.939358,-47.228394,238.742569,-167.47168
-0.851217,-0.50312,0.149334,-0.357583,0.347727,-0.86673,0.384142,-0.791174,-0.475898,59.504616,0.295299,0.328103,0.8973,48.44035,40.086929,-286.578186,1.757965,0.0,0.204126,-0.939163,0.276234,-26.661375,264.564667,-108.025177,-6.993479,-3.864795,1.548697,84.512985,58.471699,0.684628,19.034697,-47.894798,238.497864,-167.232346
-0.853649,-0.49982,0.146508,-0.356516,0.355657,-0.863947,0.379711,-0.789739,-0.4818,59.504616,0.300211,0.319171,0.89889,47.22617,40.202641,-288.029785,1.765527,0.0,0.196454,-0.942844,0.269166,-26.443224,263.70752,-107.860764,8.619228,-11.480788,3.073461,84.512985,58.878521,0.698388,19.1301,-47.99791,238.253784,-167.203857
-0.85433,-0.498108,0.148354,-0.358127,0.357332,-0.862589,0.37665,-0.790065,-0.483665,59.504616,0.301541,0.320981,0.8978,46.744057,39.971909,-288.947388,1.758003,0.0,0.197613,-0.942223,0.270491,-26.040657,263.663879,-108.379234,4.844703,13.663238,-14.757677,84.512985,59.011864,0.708773,19.225487,-47.712444,238.104645,-167.653641
-0.860247,-0.489388,0.14309,-0.348777,0.360087,-0.86527,0.371928,-0.794252,-0.480451,59.504616,0.302724,0.32578,0.89567,45.52729,39.976143,-289.310883,1.754067,0.0,0.182201,-0.942215,0.281128,-25.988825,264.925842,-109.663391,0.314157,12.815717,-11.716402,84.512985,58.673771,0.699084,19.32098,-47.744926,239.158966,-168.823181
-0.858885,-0.491388,0.144408,-0.348193,0.353441,-0.86824,0.375603,-0.796001,-0.474664,59.504616,0.297536,0.33344,0.894589,46.960262,40.013199,-288.899963,1.76212,0.0,0.187521,-0.939185,0.287694,-25.811649,265.925537,-110.799683,6.679701,9.875299,-6.744927,84.512985,58.435608,0.676295,19.416231,-47.233601,239.634506,-169.863678
-0.859944,-0.486387,0.154672,-0.352137,0.346044,-0.869628,0.369453,-0.802297,-0.468854,59.504616,0.300961,0.344037,0.889416,46.046261,38.532677,-288.003784,1.766181,0.0,0.189832,-0.935605,0.297668,-24.904242,266.725708,-111.755997,16.866779,4.458036,-12.88056,84.512985,58.299301,0.679076,19.511639,-46.605183,239.733109,-170.4245
-0.863022,-0.479431,0.159182,-0.347818,0.335415,-0.875511,0.366355,-0.810951,-0.456225,59.504616,0.300188,0.358902,0.883785,46.350071,35.22718,-284.502533,1.775337,0.0,0.184426,-0.930871,0.315381,-23.847988,266.532715,-111.841713,-1.286514,-3.407617,2.756116,84.512985,57.905415,0.683617,19.624392,-45.52467,238.59787,-170.090179
-0.865318,-0.475229,0.159317,-0.343144,0.329997,-0.879406,0.365345,-0.815634,-0.448624,59.504616,0.296141,0.357401,0.885757,46.361309,33.856194,-282.497467,1.77678,0.0,0.181343,-0.931525,0.315239,-23.820572,266.301636,-111.655891,-1.15145,-5.82828,4.855104,84.512985,57.855377,0.682837,19.722887,-45.260136,238.40126,-169.991394
-0.865693,-0.474623,0.159086,-0.34209,0.328923,-0.880218,0.365445,-0.816421,-0.44711,59.504616,0.297853,0.355302,0.886027,46.089191,33.335789,-281.701904,1.774405,0.0,0.177381,-0.93259,0.314344,-24.028734,265.841522,-111.229256,-1.574299,-8.438435,7.982743,84.512985,57.767918,0.675921,19.815193,-45.55722,238.078094,-169.575577
-0.863439,-0.479712,0.156044,-0.344206,0.334122,-0.877431,0.368776,-0.811319,-0.453613,59.504616,0.301188,0.345637,0.888719,46.402256,34.766171,-283.322693,1.75798,0.0,0.176276,-0.936114,0.30433,-24.395519,265.357544,-111.011475,-0.681237,-3.777648,4.126805,84.512985,58.032673,0.681342,19.912085,-46.079586,238.229111,-169.565353
-0.859804,-0.486389,0.155443,-0.35155,0.343073,-0.871042,0.370337,-0.803571,-0.465966,59.504616,0.30695,0.337881,0.889729,45.973541,37.152138,-286.590027,1.731034,0.0,0.180973,-0.938524,0.293977,-24.879841,265.267548,-111.06543,-8.958112,2.636622,-3.075493,84.512985,58.167469,0.700767,20.006016,-46.899708,238.671982,-169.734955
-0.860364,-0.487074,0.150108,-0.346723,0.343462,-0.872821,0.373572,-0.80299,-0.464382,59.504616,0.301889,0.342051,0.889868,46.525677,36.713535,-285.998047,1.732349,0.0,0.179925,-0.937086,0.299161,-25.477188,264.920685,-110.838524,-3.697931,-6.061043,1.622424,84.512985,58.551003,0.717578,20.101349,-47.158901,238.087708,-169.540192
-0.857297,-0.491793,0.152252,-0.350798,0.341574,-0.871934,0.376806,-0.800916,-0.46535,59.504616,0.302391,0.341373,0.889957,47.235703,36.907745,-286.144867,1.731689,0.0,0.185442,-0.936898,0.296368,-25.570719,264.576385,-110.74527,-2.963281,-8.178267,0.506774,84.512985,58.718311,0.707033,20.196772,-47.259747,237.76178,-169.444153
-0.860969,-0.48715,0.146348,-0.344796,0.34741,-0.872022,0.373963,-0.801244,-0.467076,59.504616,0.298981,0.336746,0.892868,46.500252,36.829464,-286.592651,1.72963,0.0,0.180273,-0.93875,0.293685,-25.776218,264.270203,-110.542427,-0.293504,1.788991,5.66106,84.512985,58.622463,0.700581,20.29217,-47.282333,237.76561,-169.45903
-0.859012,-0.489564,0.149754,-0.349129,0.346238,-0.870763,0.374444,-0.800279,-0.468343,59.504616,0.303289,0.334513,0.892254,46.24865,37.064644,-286.862457,1.729454,0.0,0.181571,-0.939489,0.290503,-25.89624,264.130066,-110.546509,-0.143024,-2.659208,0.793029,84.512985,58.590405,0.706894,20.387749,-47.654552,237.758942,-169.411285
-0.859843,-0.488561,0.148253,-0.34612,0.344329,-0.872719,0.375329,-0.801714,-0.46517,59.504616,0.298685,0.340967,0.891364,46.603928,36.992832,-286.437653,1.73557,0.0,0.182783,-0.937147,0.297232,-26.041161,264.826324,-110.97554,-2.965998,6.51109,-6.613256,84.512985,58.485939,0.702531,20.482883,-47.521145,238.046967,-169.782196
-0.853878,-0.497265,0.153687,-0.35556,0.341674,-0.869963,0.380091,-0.797487,-0.468556,59.504616,0.302216,0.343701,0.88912,47.694107,38.786705,-287.868317,1.748415,0.0,0.193271,-0.935456,0.295919,-25.962984,265.746002,-111.710495,1.533372,6.232141,-7.81793,84.512985,58.396503,0.700113,20.578384,-47.625298,238.780869,-170.363693
-0.853416,-0.498565,0.152032,-0.357453,0.347529,-0.866863,0.379352,-0.794139,-0.474801,59.504616,0.304325,0.345029,0.887886,47.454189,40.217712,-289.700043,1.767986,0.0,0.194298,-0.934985,0.296736,-25.880648,266.364075,-112.016418,-1.903801,-0.398916,-3.89009,84.512985,58.939148,0.697443,20.691557,-47.67979,239.372162,-170.629395
-0.855431,-0.494923,0.152609,-0.354206,0.344085,-0.869565,0.377857,-0.797908,-0.469646,59.504616,0.302601,0.346574,0.887873,47.096458,38.703468,-288.100616,1.761565,0.0,0.191146,-0.934688,0.299702,-25.956772,265.914886,-111.734428,-2.031735,-7.26367,1.053362,84.512985,58.921833,0.697221,20.787964,-47.662575,238.803085,-170.322601
-0.91114,-0.339323,0.233846,-0.361621,0.38622,-0.848566,0.197622,-0.857726,-0.474607,59.504616,0.355506,0.373995,0.856588,36.352276,70.089287,-290.021088,1.671965,0.0,0.154807,-0.927359,0.340646,13.510645,313.882721,-114.742828,-8.244832,-0.176585,11.070179,84.512985,58.375858,0.681189,21.480129,-13.207465,285.190094,-170.998962
-0.915356,-0.332571,0.226978,-0.354249,0.397229,-0.846591,0.19139,-0.855339,-0.481419,59.504616,0.349203,0.37121,0.860384,34.957756,71.194794,-291.936188,1.67922,0.0,0.152468,-0.928459,0.338698,13.368446,314.16684,-114.636993,3.115731,-1.075201,-1.529208,84.512985,58.13171,0.682942,21.575731,-13.039095,285.697144,-171.20575
-0.916367,-0.33082,0.225454,-0.352369,0.399202,-0.846448,0.19002,-0.8551,-0.482386,59.504616,0.346354,0.377516,0.85879,35.169422,71.153328,-292.225189,1.683955,0.0,0.154397,-0.925909,0.344752,13.774171,314.434631,-114.761177,2.523606,0.506349,-1.860852,84.512985,58.08596,0.699485,21.671728,-12.483962,285.595581,-171.252197
-0.90813,-0.340486,0.24366,-0.370289,0.38152,-0.846953,0.195414,-0.859367,-0.472548,59.504616,0.349753,0.386809,0.853259,36.730061,69.040825,-289.736359,1.682792,0.0,0.174537,-0.921741,0.34631,14.179119,314.143738,-115.239296,1.841513,1.26327,-5.468252,84.512985,57.920853,0.69657,21.783663,-12.275977,284.553253,-171.230682
-0.9004,-0.348097,0.260974,-0.39009,0.380343,-0.838552,0.192638,-0.856836,-0.47825,59.504616,0.359292,0.399925,0.84319,35.922863,69.044113,-291.659393,1.679713,0.0,0.195218,-0.915742,0.351152,14.703976,314.346832,-116.428627,10.661211,-15.576501,-11.806849,84.512985,57.628456,0.763598,21.879076,-12.386978,283.921722,-171.72374
-0.892251,-0.350859,0.284228,-0.413011,0.379726,-0.827786,0.182508,-0.855983,-0.48372,59.504616,0.373552,0.40018,0.836848,33.331032,68.746834,-292.825134,1.651313,0.0,0.213326,-0.915037,0.342345,15.636602,313.920868,-116.738434,6.26341,2.998198,-0.702946,84.512985,56.828907,0.805524,21.976503,-12.438298,283.410461,-171.517731
-0.896365,-0.347447,0.275339,-0.401645,0.373586,-0.836131,0.187648,-0.860066,-0.47442,59.504616,0.367991,0.391357,0.843459,34.99295,67.979492,-290.777405,1.649495,0.0,0.200085,-0.919189,0.3392,15.604485,313.666229,-116.608688,-2.983156,-3.982727,1.937719,84.512985,57.043243,0.773151,22.071404,-12.065519,283.667236,-171.802261
-0.896942,-0.345912,0.27539,-0.399171,0.365652,-0.84081,0.19015,-0.864085,-0.466047,59.504616,0.365666,0.397978,0.841369,35.104599,65.048714,-287.681274,1.662653,0.0,0.198667,-0.916514,0.34718,14.923072,312.181671,-115.778091,-11.085911,-0.294746,9.88526,84.512985,57.080223,0.774376,22.165218,-12.581166,281.744354,-170.805878
-0.908328,-0.334239,0.251444,-0.370863,0.365649,-0.853675,0.193392,-0.868669,-0.456086,59.504616,0.352903,0.379168,0.85539,35.44772,63.133274,-285.031067,1.68964,0.0,0.167635,-0.92504,0.340882,13.600146,310.223602,-114.665802,-16.26515,-20.422718,7.331347,84.512985,57.682056,0.709047,22.260635,-13.051074,280.978333,-170.653671
-0.908966,-0.337637,0.244504,-0.365195,0.362096,-0.857624,0.201032,-0.868843,-0.452436,59.504616,0.342879,0.375618,0.861014,37.411777,61.936459,-284.101776,1.693869,0.0,0.168673,-0.926298,0.336928,12.981954,308.914673,-114.280922,-4.997425,-9.208609,0.504772,84.512985,57.791107,0.690775,22.356314,-13.00315,279.825165,-170.639694
-0.904936,-0.33814,0.258364,-0.374271,0.343488,-0.861358,0.202515,-0.876172,-0.43739,59.504616,0.343822,0.392866,0.852903,37.461487,58.093575,-279.683533,1.695299,0.0,0.180737,-0.91898,0.350444,12.730556,308.101135,-114.289787,-4.348683,-11.109031,0.236024,84.512985,57.68111,0.720614,22.451382,-13.325277,277.820312,-169.994598
-0.902517,-0.344507,0.258416,-0.37783,0.345469,-0.859008,0.20666,-0.872907,-0.441957,59.504616,0.345625,0.39322,0.85201,38.122799,57.987297,-280.623566,1.691542,0.0,0.184402,-0.918723,0.349205,12.421448,307.179016,-114.11869,-0.323157,-4.85038,3.175143,84.512985,57.740673,0.720742,22.546806,-13.703393,276.895111,-169.789444
-0.903258,-0.349507,0.248936,-0.37332,0.354059,-0.857481,0.211557,-0.86746,-0.450285,59.504616,0.343861,0.391648,0.853447,39.250526,59.895145,-283.079803,1.693285,0.0,0.180847,-0.919475,0.349084,12.152979,307.534302,-114.298149,-1.756063,10.319991,-0.277748,84.512985,57.860405,0.719965,22.642742,-13.803916,277.437103,-170.157181
-0.900962,-0.34874,0.258161,-0.381129,0.351703,-0.855012,0.207381,-0.868726,-0.449786,59.504616,0.350963,0.395955,0.848554,37.876003,59.25948,-283.051941,1.689801,0.0,0.185066,-0.917654,0.351655,12.297723,307.489532,-114.755814,-1.534208,-4.552583,-4.095642,84.512985,57.784668,0.734878,22.738764,-14.131133,277.118958,-170.254364
-0.893613,-0.353373,0.276735,-0.399415,0.344816,-0.849452,0.204751,-0.869614,-0.449275,59.504616,0.360364,0.395112,0.845,36.648472,58.331734,-282.794769,1.675957,0.0,0.200479,-0.9175,0.343515,12.348845,306.842682,-114.970573,-0.003788,-5.149683,-4.298532,84.512985,57.584721,0.749657,22.832949,-14.698986,276.41391,-170.125397
-0.886727,-0.363202,0.286008,-0.413742,0.347495,-0.841466,0.206236,-0.864484,-0.458405,59.504616,0.369992,0.39817,0.839385,35.744965,59.569099,-284.965881,1.670283,0.0,0.212103,-0.915843,0.340946,11.64449,306.961212,-115.214561,-4.35271,9.364779,-3.017179,84.512985,56.91338,0.729904,22.94569,-15.974916,276.364594,-170.006943
-0.888102,-0.367093,0.276618,-0.408888,0.356044,-0.840264,0.209967,-0.859346,-0.466303,59.504616,0.371728,0.387077,0.843795,36.183182,61.23069,-287.099731,1.674801,0.0,0.202792,-0.920833,0.333079,11.187283,306.565704,-115.004105,-5.912002,-6.206126,7.226124,84.512985,56.984879,0.727197,23.041077,-16.472403,276.737732,-170.160034
-0.890095,-0.367613,0.269426,-0.4042,0.363534,-0.839324,0.210601,-0.855981,-0.472169,59.504616,0.372309,0.382887,0.845449,36.150421,62.166508,-288.561523,1.674445,0.0,0.195951,-0.922831,0.331641,11.00536,306.317841,-114.821129,0.475303,-2.854505,2.346457,84.512985,57.216797,0.729233,23.137333,-16.664173,276.829712,-170.150696
-0.888029,-0.371018,0.27157,-0.407673,0.36223,-0.838207,0.21262,-0.855064,-0.472925,59.504616,0.371813,0.382774,0.845718,36.879456,62.271828,-288.567719,1.673951,0.0,0.201266,-0.922602,0.329087,11.190204,306.218567,-114.632111,3.21632,-0.571682,5.702211,84.512985,57.372093,0.723671,23.231867,-16.44136,276.705109,-169.967316
-0.88881,-0.371255,0.268677,-0.404096,0.358375,-0.84159,0.216157,-0.856585,-0.46855,59.504616,0.370373,0.384393,0.845615,37.978931,62.31736,-287.687653,1.673776,0.0,0.197182,-0.922145,0.332818,11.2709,306.743774,-114.857353,2.048729,3.418498,-0.441133,84.512985,57.59494,0.721476,23.327272,-16.229002,277.131989,-170.184586
-0.884423,-0.374979,0.277824,-0.413846,0.355014,-0.83827,0.215703,-0.856362,-0.469166,59.504616,0.376264,0.384641,0.842898,37.638981,62.792938,-288.027893,1.669489,0.0,0.204626,-0.921787,0.329297,11.412433,307.220947,-115.267242,0.264516,2.502902,-0.573179,84.512985,57.427307,0.713651,23.423586,-16.455009,277.551697,-170.370331
-0.887499,-0.370207,0.274395,-0.407069,0.350779,-0.843356,0.215964,-0.860175,-0.462016,59.504616,0.370378,0.386313,0.844738,38.044502,61.961765,-286.387909,1.676738,0.0,0.200539,-0.921223,0.333364,11.397113,307.47879,-115.317085,0.863454,-2.437269,2.217357,84.512985,57.412266,0.718979,23.518015,-16.114971,277.676788,-170.523483
-0.887499,-0.370612,0.273848,-0.407535,0.353879,-0.841834,0.215085,-0.85873,-0.465104,59.504616,0.371959,0.388558,0.843012,37.679756,61.711754,-287.02179,1.673189,0.0,0.200457,-0.920368,0.335766,11.352856,306.964935,-115.263199,2.817681,-7.922981,3.15204,84.512985,57.290833,0.726282,23.613441,-16.259281,277.064301,-170.382812
-0.891048,-0.365277,0.269454,-0.401977,0.359301,-0.84221,0.210824,-0.858764,-0.466987,59.504616,0.372211,0.385969,0.844089,36.690178,61.190525,-287.564392,1.670675,0.0,0.192613,-0.921757,0.336549,11.473298,306.234772,-115.230072,3.165513,-13.308763,3.890243,84.512985,57.280876,0.707332,23.709261,-16.180456,276.551727,-170.453186
-0.897089,-0.363331,0.251439,-0.384585,0.361891,-0.849193,0.217544,-0.858502,-0.46438,59.504616,0.362264,0.385429,0.848651,39.259453,59.542633,-286.618378,1.682898,0.0,0.178198,-0.922341,0.342829,11.665951,304.414124,-114.554398,-0.081966,-23.362867,8.517382,84.512985,57.504501,0.703043,23.804283,-15.29642,274.838074,-170.16098
-0.868671,-0.477371,0.132393,-0.319582,0.335804,-0.88606,0.378522,-0.812005,-0.444262,59.504616,0.363403,0.317512,0.875856,56.468082,19.686384,-291.342896,1.712876,0.0,0.055111,-0.945811,0.320006,-13.599746,248.01236,-122.031021,21.873201,-14.915844,2.404135,84.512985,58.759743,0.753251,24.628126,-38.457718,223.321304,-179.930573
-0.870198,-0.470488,0.146273,-0.328251,0.332213,-0.884243,0.367432,-0.817481,-0.443529,59.504616,0.369197,0.325518,0.870478,54.425034,17.955202,-290.691223,1.734441,0.0,0.063082,-0.943268,0.325984,-12.36411,248.208984,-121.96907,3.353536,1.900782,-0.032051,84.512985,58.618652,0.763029,24.727781,-37.71978,222.963394,-179.462784
-0.861492,-0.483018,0.156607,-0.34132,0.32251,-0.882886,0.375942,-0.814052,-0.442703,59.504616,0.37098,0.327835,0.868849,56.42934,18.657612,-290.359283,1.715935,0.0,0.079572,-0.943394,0.321987,-12.429976,248.280945,-121.999435,-1.51607,-1.295287,0.042144,84.512985,58.605518,0.787385,24.818937,-37.849648,222.805923,-179.337952
-0.858286,-0.488902,0.15595,-0.342228,0.318859,-0.883861,0.382395,-0.811975,-0.440988,59.504616,0.363737,0.32628,0.872489,57.222519,18.853807,-289.671021,1.716106,0.0,0.088854,-0.94453,0.316178,-13.724837,247.929062,-121.527832,-17.491035,-6.962716,4.642233,84.512985,58.83086,0.801757,24.914261,-38.674683,222.481277,-179.080002
-0.843971,-0.514849,0.150475,-0.354854,0.325549,-0.876411,0.402233,-0.793063,-0.45745,59.504616,0.36649,0.323241,0.872468,60.342083,23.707668,-293.385345,1.711163,0.0,0.106753,-0.946128,0.305689,-15.588792,247.770264,-121.015648,-18.076649,10.973664,-2.49241,84.512985,59.191528,0.79423,25.009598,-40.529938,222.592194,-178.665817
-0.849699,-0.508685,0.138745,-0.342835,0.333092,-0.878359,0.400593,-0.793908,-0.457423,59.504616,0.351863,0.329515,0.876135,58.974232,24.397612,-293.730316,1.706398,0.0,0.109126,-0.944048,0.311231,-17.379057,249.055527,-121.094131,-8.665451,4.171191,-0.83131,84.512985,59.079498,0.786476,25.123804,-41.486691,223.494034,-179.017578
-0.84742,-0.509963,0.147704,-0.346348,0.320139,-0.88179,0.402395,-0.798404,-0.447917,59.504616,0.353139,0.328575,0.875974,59.133175,23.378689,-291.246155,1.687666,0.0,0.110037,-0.944388,0.309877,-17.616035,249.200439,-121.084961,-0.417297,2.751507,2.263432,84.512985,59.449673,0.827147,25.217733,-41.779488,223.602676,-178.917252
-0.847103,-0.510645,0.14717,-0.345588,0.318945,-0.882521,0.403715,-0.798446,-0.446652,59.504616,0.35112,0.33063,0.876013,59.679661,23.594849,-291.154022,1.685258,0.0,0.111585,-0.943689,0.311448,-17.530098,249.563416,-121.310577,2.016778,6.299922,-5.490718,84.512985,59.554298,0.82755,25.313231,-41.564232,223.829361,-179.14238
-0.84405,-0.513468,0.154696,-0.347778,0.30453,-0.886743,0.408204,-0.802255,-0.435611,59.504616,0.351122,0.33012,0.876205,61.735233,21.954021,-288.15509,1.698246,0.0,0.111957,-0.943875,0.310751,-16.653015,248.938339,-121.148048,11.297495,-15.750283,7.203509,84.512985,58.922981,0.784578,25.408747,-40.634415,223.143707,-178.912445
-0.842518,-0.518031,0.147672,-0.350643,0.319312,-0.880392,0.408916,-0.793526,-0.45067,59.504616,0.355578,0.327853,0.875258,62.339569,23.282299,-291.593719,1.692135,0.0,0.113551,-0.944676,0.307724,-15.966198,247.814636,-120.770721,2.008615,1.048817,0.988417,84.512985,58.815876,0.775906,25.504784,-40.20866,222.283081,-178.574493
-0.843496,-0.518405,0.140608,-0.348205,0.328421,-0.878005,0.408984,-0.789554,-0.457533,59.504616,0.3575,0.330946,0.873309,62.283558,24.221672,-293.232849,1.692884,0.0,0.109928,-0.943518,0.312552,-15.93676,247.843948,-120.742035,-0.436315,12.257127,-3.828942,84.512985,58.782906,0.779505,25.599314,-40.281479,222.226379,-178.492554
-0.840857,-0.52157,0.144654,-0.353553,0.326913,-0.876429,0.40983,-0.788094,-0.45929,59.504616,0.359538,0.330753,0.872545,62.381001,25.206118,-293.850189,1.693391,0.0,0.115562,-0.943657,0.310091,-15.923522,248.471405,-120.979584,1.46245,5.911853,-1.564922,84.512985,58.9552,0.785574,25.694662,-40.396259,222.844681,-178.669357
-0.839576,-0.521099,0.153521,-0.356886,0.316018,-0.879071,0.409567,-0.792836,-0.451293,59.504616,0.357668,0.334366,0.871936,62.340351,23.995283,-291.807587,1.694569,0.0,0.121733,-0.942429,0.311464,-15.986814,248.778824,-121.058563,1.016067,4.142963,-0.219241,84.512985,58.706192,0.769801,25.790085,-40.371086,222.822968,-178.632034
-0.836956,-0.524154,0.157374,-0.359626,0.309998,-0.880097,0.41252,-0.793198,-0.447954,59.504616,0.359484,0.336494,0.87037,62.783459,24.22925,-290.931854,1.696381,0.0,0.123042,-0.941669,0.31324,-16.208019,249.255966,-121.14521,-2.799201,4.932628,-2.301469,84.512985,58.870174,0.760113,25.885715,-40.668568,223.147827,-178.593674
-0.837837,-0.521336,0.161982,-0.361505,0.307488,-0.880208,0.409076,-0.796028,-0.44609,59.504616,0.360277,0.342135,0.867839,61.665886,23.457478,-290.287445,1.691569,0.0,0.125754,-0.939635,0.318233,-16.366367,249.566895,-121.155678,-0.575878,2.748326,3.438928,84.512985,59.142826,0.767543,25.980938,-40.922455,223.085571,-178.416794
-0.837715,-0.519599,0.16808,-0.363538,0.300916,-0.881641,0.407522,-0.799667,-0.440975,59.504616,0.358974,0.344832,0.867311,61.345894,22.485443,-288.981079,1.693193,0.0,0.129965,-0.938662,0.319409,-16.342573,249.745911,-121.21949,-0.712125,2.119847,-3.351178,84.512985,59.226151,0.773993,26.077354,-40.852505,223.026169,-178.393112
