-0.591525,-0.805158,-0.042633,0.787953,-0.566056,-0.242302,0.170959,-0.176921,0.969264,57.756512,0.184415,0.724853,-0.663762,36.608345,47.740585,290.344604,2.782518,0.417692,-0.811578,0.493234,0.313147,2.835033,146.358627,-5.964369,-2.179886,-126.720032,-13.943544,86.993355,17.3972,1.0,3.251948,-7.523154,93.410957,40.138374
-0.601382,-0.798909,-0.009193,0.780067,-0.584633,-0.222935,0.172731,-0.14124,0.97479,57.756512,0.181086,0.69758,-0.693246,38.195023,58.0886,294.287781,2.871891,0.396606,-0.805421,0.509698,0.302497,3.834173,145.616241,-5.568766,4.699503,-13.585041,-0.869662,86.993355,15.222128,1.0,3.347293,-6.393808,94.548409,42.655022
-0.605396,-0.795919,-0.002779,0.774305,-0.588141,-0.233542,0.184246,-0.143537,0.972343,57.756512,0.197569,0.714792,-0.670849,41.237965,57.939762,292.550507,2.889575,0.439737,-0.801114,0.512129,0.309743,4.8337,147.042877,-5.199246,7.498484,48.02869,17.328737,86.993355,11.699415,1.0,3.442672,-6.323432,94.992393,41.549419
-0.601694,-0.798694,-0.007299,0.778553,-0.584431,-0.228684,0.178383,-0.14328,0.973473,57.756512,0.180412,0.696133,-0.694875,39.461784,57.735687,294.450836,2.894307,0.399249,-0.802591,0.512583,0.305133,3.579659,145.724365,-5.158839,-21.434855,-17.756916,3.622836,86.993355,14.683585,1.0,3.555426,-6.586059,94.722153,43.157951
-0.613728,-0.789162,-0.023716,0.776722,-0.598123,-0.197362,0.141566,-0.139547,0.980044,57.756512,0.174385,0.712778,-0.679365,28.985888,58.396824,295.821655,2.806794,0.382103,-0.814136,0.492451,0.307691,2.482502,146.326569,-4.482758,5.582402,51.400517,21.554611,86.993355,16.567707,1.0,3.650827,-7.557928,94.419533,42.832653
-0.647971,-0.761457,-0.017811,0.749018,-0.632795,-0.196322,0.13822,-0.140552,0.980378,57.756512,0.169856,0.722098,-0.670614,28.079931,58.72094,295.498444,2.697383,0.327612,-0.798477,0.499675,0.335795,2.43113,147.396454,-4.292449,4.863271,39.982227,15.178102,86.993355,20.73443,1.0,3.74623,-7.600215,95.00312,42.423244
-0.652796,-0.757388,-0.014868,0.742747,-0.636071,-0.209142,0.148944,-0.14757,0.977772,57.756512,0.162704,0.716136,-0.678731,31.345709,57.344749,295.334412,2.684033,0.276159,-0.78889,0.507576,0.346437,2.509961,147.546722,-4.27087,6.723823,28.842285,11.509548,86.993355,22.346008,1.0,3.841568,-7.102806,95.438599,42.931759
-0.645391,-0.763776,-0.010747,0.747383,-0.628508,-0.215399,0.157762,-0.147049,0.976467,57.756512,0.164494,0.714738,-0.679773,33.633972,57.596855,295.09726,2.695189,0.29277,-0.789848,0.508246,0.343258,2.519944,147.589615,-4.242029,3.114751,21.460131,12.402776,86.993355,22.075958,1.0,3.936965,-7.0907,95.55616,43.031567
-0.633392,-0.773603,-0.018797,0.758384,-0.615735,-0.213833,0.153848,-0.149695,0.976689,57.756512,0.170904,0.725645,-0.666506,32.260021,56.688404,294.703949,2.481033,0.289794,-0.800543,0.496619,0.33541,2.43789,148.025391,-3.817742,0.539541,15.01895,11.785441,86.993355,21.534344,1.0,4.032355,-7.454395,95.330803,42.580872
-0.621067,-0.783411,-0.023296,0.768245,-0.602621,-0.215982,0.155164,-0.152036,0.976119,57.756512,0.173573,0.725119,-0.666389,32.356945,56.654022,294.566833,2.463257,0.580736,-0.806312,0.49315,0.326594,2.258938,148.604553,-3.795256,2.328375,21.96072,8.713852,86.993355,20.16502,1.0,4.127692,-7.697147,95.900711,42.590851
-0.6278,-0.778198,-0.016592,0.76189,-0.61,-0.21777,0.159347,-0.149357,0.975859,57.756512,0.172312,0.718183,-0.674182,33.548077,57.51955,294.729462,2.552659,0.40124,-0.799761,0.501557,0.329884,2.341626,148.350143,-4.08603,2.737157,-4.072127,-1.936191,86.993355,19.74427,1.0,4.22334,-7.585879,96.074707,42.820713
-0.611123,-0.791297,-0.019423,0.775687,-0.593822,-0.213741,0.157599,-0.145688,0.976697,57.756512,0.184389,0.697698,-0.692256,32.570263,56.547974,294.936646,2.630441,0.269354,-0.804566,0.511689,0.301408,2.494208,145.257507,-5.334415,-0.331913,-42.102306,-12.547603,86.993355,15.777954,1.0,4.318499,-8.112344,94.156006,42.811523
-0.590726,-0.806697,-0.01684,0.787421,-0.571805,-0.230232,0.176098,-0.149264,0.97299,57.756512,0.18405,0.695435,-0.694619,37.881752,54.814445,294.23877,2.687054,0.310704,-0.807989,0.509464,0.295973,2.755687,144.378632,-5.212807,-3.074258,-17.806654,-4.891059,86.993355,13.695392,1.0,4.413885,-7.576241,93.345535,43.07061
-0.597024,-0.802065,-0.015955,0.787543,-0.582195,-0.202053,0.152771,-0.133195,0.979245,57.756512,0.181896,0.701715,-0.688847,31.934309,59.690834,296.20639,2.67575,0.355553,-0.817002,0.497681,0.291242,2.824793,145.315262,-4.564298,7.817981,54.05444,31.822777,86.993355,16.258438,1.0,4.509317,-7.502049,94.073975,43.423679
-0.651883,-0.75805,-0.020213,0.745278,-0.635522,-0.201676,0.140035,-0.146534,0.979244,57.756512,0.165155,0.728837,-0.66447,29.128489,55.120472,295.592773,2.520857,0.31818,-0.796413,0.495958,0.346051,2.735496,145.770157,-3.464383,0.792469,12.073833,10.020367,86.993355,21.924103,1.0,4.622045,-7.020142,92.946754,42.810326
-0.644303,-0.764217,-0.029079,0.750926,-0.62498,-0.213331,0.144857,-0.159286,0.976547,57.756512,0.166573,0.732895,-0.659635,30.348753,51.677307,294.410797,2.446986,0.224499,-0.797829,0.493289,0.346604,2.7232,145.971359,-3.569183,1.883364,8.2422,4.225598,86.993355,23.197094,0.987748,4.71747,-7.044762,92.795486,42.324425
-0.650738,-0.758534,-0.034144,0.74515,-0.629322,-0.220691,0.145914,-0.169055,0.974746,57.756512,0.157391,0.688161,-0.708282,30.849699,50.830868,296.085876,2.534334,0.208772,-0.780238,0.526308,0.337976,2.623898,145.185287,-4.591541,-0.636544,2.108582,-5.523716,86.993355,29.625328,0.812062,4.812882,-6.816592,94.470795,44.464474
-0.611481,-0.79006,-0.043538,0.778641,-0.591031,-0.210716,0.140747,-0.162749,0.976577,57.756512,0.167534,0.706179,-0.687927,29.396814,52.100094,295.780762,2.542346,0.252381,-0.810636,0.495798,0.311535,2.749377,145.858398,-4.07069,6.413346,34.478748,24.175268,86.993355,27.926346,0.862117,4.908258,-6.935574,94.11232,43.686615
-0.630333,-0.776001,-0.022409,0.760416,-0.611346,-0.219143,0.156355,-0.155173,0.975435,57.756512,0.171441,0.736494,-0.654358,33.402836,52.255314,294.073273,2.234561,0.322165,-0.803283,0.48904,0.339966,2.899257,145.67308,-3.299035,-3.010359,-4.703578,6.412895,86.993355,24.464779,1.0,5.003742,-6.958827,92.311821,42.273869
-0.634509,-0.7716,-0.045084,0.7574,-0.609085,-0.23529,0.15409,-0.18344,0.970879,57.756512,0.174029,0.744836,-0.644153,32.45105,43.514122,291.852081,2.448875,0.333676,-0.798703,0.48939,0.350101,2.779153,144.939026,-3.528653,2.189553,-1.908523,-7.926808,86.993355,21.131994,1.0,5.09925,-7.325735,90.867332,41.228844
-0.586272,-0.807697,-0.062532,0.796083,-0.560096,-0.229225,0.15012,-0.184169,0.971363,57.756512,0.182227,0.690361,-0.70014,31.073666,45.519081,294.305573,2.672091,0.275635,-0.813545,0.505766,0.286959,2.745306,144.133835,-4.934757,-0.590285,0.390556,-3.308361,86.993355,21.907755,0.96167,5.194442,-7.678486,93.060631,43.557491
-0.575349,-0.81696,-0.039375,0.803561,-0.555624,-0.213478,0.152525,-0.154465,0.976154,57.756512,0.175123,0.676335,-0.715474,32.045681,53.822132,296.752136,2.726217,0.29112,-0.820764,0.501646,0.273309,2.534647,143.719406,-4.891707,-2.517134,-4.48133,-0.408478,86.993355,20.412251,0.9925,5.289752,-7.327177,93.695702,44.767227
-0.584469,-0.8108,-0.031603,0.799108,-0.568409,-0.195801,0.140792,-0.139694,0.980134,57.756512,0.171653,0.674065,-0.718451,28.964113,57.658134,298.166321,2.696596,0.284428,-0.821752,0.500209,0.272973,2.386414,143.468063,-4.769947,-0.048723,-3.167508,1.950918,86.993355,20.777733,0.988224,5.385235,-7.380074,93.718834,45.153961
-0.59638,-0.802202,-0.028323,0.790525,-0.580845,-0.194137,0.139286,-0.138169,0.980566,57.756512,0.167032,0.669689,-0.723613,28.740683,58.322433,298.643738,2.686291,0.26865,-0.815528,0.506297,0.280318,2.382533,143.460022,-4.743,0.976515,0.924809,0.574198,86.993355,21.090994,0.982969,5.480558,-7.214645,93.989464,45.520054
-0.592326,-0.805263,-0.026485,0.793203,-0.577057,-0.194509,0.141348,-0.136221,0.980543,57.756512,0.16864,0.668809,-0.724055,29.24641,58.793457,298.607056,2.700771,0.279723,-0.81706,0.505737,0.276847,2.407743,143.364914,-4.816433,-1.451291,-2.232477,0.246086,86.993355,19.932533,1.0,5.576027,-7.241212,93.957512,45.489159
-0.629723,-0.776644,-0.016499,0.762674,-0.614082,-0.203056,0.147571,-0.140453,0.979028,57.756512,0.161844,0.705771,-0.689706,30.753309,55.864323,296.254303,2.573156,0.365254,-0.801834,0.501451,0.324976,2.052855,143.616562,-4.440511,-6.280853,-2.48745,-1.091371,86.993355,20.70352,1.0,5.688668,-7.340675,92.120903,43.527515
-0.657411,-0.753498,-0.007223,0.738551,-0.642409,-0.204579,0.14951,-0.139827,0.978823,57.756512,0.165335,0.715152,-0.679134,30.397089,55.510597,294.901276,2.504361,0.345389,-0.78699,0.510691,0.346182,1.595067,143.57959,-5.041901,-3.33913,5.384587,-1.47297,86.993355,18.295395,1.0,5.784036,-8.197546,91.605614,42.227337
-0.622813,-0.782339,-0.007019,0.763499,-0.605806,-0.22376,0.170804,-0.144719,0.974619,57.756512,0.177676,0.716456,-0.674627,35.549675,54.245003,293.398956,2.585122,0.301504,-0.798416,0.505709,0.326786,1.602669,143.741867,-5.151711,1.604737,11.053891,1.631589,86.993355,17.003162,1.0,5.879433,-8.541749,91.602921,41.810295
-0.643295,-0.76557,-0.008574,0.747962,-0.626029,-0.220545,0.163474,-0.148289,0.975339,57.756512,0.165605,0.697712,-0.696974,34.016811,53.726692,294.480957,2.605424,0.320302,-0.784332,0.521601,0.335792,1.508187,143.082825,-5.699836,0.23562,-33.085491,-22.024326,86.993355,17.160667,1.0,5.974811,-8.182576,92.006004,42.70639
-0.644562,-0.764549,0.001958,0.747491,-0.630715,-0.208463,0.160616,-0.132904,0.978028,57.756512,0.159608,0.681566,-0.714138,33.555363,58.209652,296.007843,2.615363,0.31415,-0.783611,0.527448,0.328257,1.4623,142.536804,-6.076781,1.528472,27.269905,9.683797,86.993355,18.809135,1.0,6.070288,-7.906029,92.517441,43.539116
-0.633866,-0.773432,-0.004065,0.757496,-0.619726,-0.205279,0.15625,-0.133198,0.978695,57.756512,0.16569,0.694864,-0.699793,32.038227,57.442226,295.777588,2.571031,0.332011,-0.794676,0.514279,0.322501,1.335974,142.624725,-5.534765,-2.209725,12.615088,17.759462,86.993355,18.354021,1.0,6.165605,-8.296275,91.82608,43.136742
-0.605154,-0.795902,-0.018161,0.775627,-0.584289,-0.238766,0.179423,-0.158577,0.970907,57.756512,0.178728,0.71763,-0.6731,37.679691,48.743717,292.30484,2.591855,0.38262,-0.802865,0.501824,0.321838,1.411828,142.033615,-5.119007,3.411721,1.396672,0.576964,86.993355,16.662804,1.0,6.261032,-8.636722,89.678772,41.67437
-0.604215,-0.796562,-0.020317,0.775037,-0.581584,-0.247138,0.185045,-0.165071,0.968767,57.756512,0.177443,0.712021,-0.679367,39.496864,46.438152,291.791351,2.664571,0.388754,-0.799054,0.507208,0.322882,1.692755,141.145264,-5.455558,6.200466,2.849591,-0.630808,86.993355,14.841,1.0,6.356523,-8.270682,89.049698,41.713291
-0.646628,-0.762806,-0.000293,0.744654,-0.631157,-0.217099,0.165419,-0.140601,0.97615,57.756512,0.159965,0.682436,-0.713227,35.079262,53.693516,295.099457,2.615136,0.345518,-0.779367,0.530737,0.333025,1.772743,140.120667,-6.401554,-5.643301,-38.852428,-18.275379,86.993355,19.501614,1.0,6.451759,-7.622099,89.98822,43.1157
-0.636708,-0.771071,0.007192,0.756261,-0.626246,-0.189434,0.150571,-0.115176,0.981867,57.756512,0.165651,0.697391,-0.697284,31.111946,60.125385,296.007111,2.478113,0.316682,-0.798932,0.509414,0.319694,1.876433,140.635132,-6.044496,6.40062,12.596871,16.188383,86.993355,24.286654,0.957486,6.54718,-7.756517,89.856873,42.547432
-0.618175,-0.786013,-0.006622,0.770287,-0.604086,-0.204301,0.156583,-0.131395,0.978886,57.756512,0.152902,0.669838,-0.726594,33.527771,56.581097,297.337891,2.53646,0.230081,-0.799143,0.516339,0.307838,1.897243,139.884308,-5.808058,-2.522344,-16.926212,5.26653,86.993355,31.819283,0.767693,6.642581,-6.892742,90.499382,44.647842
-0.568555,-0.822492,-0.015891,0.8077,-0.554456,-0.200498,0.156097,-0.126829,0.979565,57.756512,0.161101,0.674957,-0.720055,33.347649,57.661633,297.910309,2.557563,0.245505,-0.827897,0.489575,0.273684,1.920869,140.104355,-5.029799,4.36271,-4.10609,6.274004,86.993355,34.869511,0.690266,6.741089,-6.947416,90.401413,45.044872
-0.575141,-0.818027,-0.006698,0.801114,-0.561554,-0.207059,0.165618,-0.124454,0.978306,57.756512,0.161574,0.676983,-0.718044,35.412914,57.790482,297.80014,2.601422,0.286295,-0.821893,0.495055,0.281804,1.543762,139.703934,-4.681682,-5.629838,-20.925955,-5.383589,86.993355,31.503454,0.776053,6.850646,-7.339864,89.917053,45.25983
-0.605388,-0.79592,-0.004121,0.777654,-0.590376,-0.216125,0.169585,-0.134044,0.976357,57.756512,0.160037,0.697058,-0.698927,36.178028,54.395042,296.02002,2.602261,0.334718,-0.806921,0.500213,0.31411,1.36907,139.972504,-4.621099,2.937982,28.224957,11.38555,86.993355,25.751947,0.922616,6.946092,-7.598802,88.997284,43.982738
-0.61122,-0.791427,-0.007242,0.773663,-0.595521,-0.216332,0.166898,-0.13783,0.976293,57.756512,0.153829,0.679692,-0.717186,35.58783,54.123554,296.755829,2.614418,0.3133,-0.800613,0.511126,0.312681,1.216708,139.717102,-5.058695,-6.092667,-17.242426,-11.138108,86.993355,28.133316,0.858983,7.041448,-7.495375,89.703033,44.735073
-0.583758,-0.811842,-0.011764,0.795505,-0.568991,-0.208375,0.162474,-0.130999,0.977978,57.756512,0.15905,0.67521,-0.720274,34.44136,56.387825,297.503479,2.594608,0.27216,-0.817359,0.499252,0.287528,1.333899,139.939514,-5.006056,1.718595,-15.147189,-5.368207,86.993355,31.908724,0.765724,7.13682,-7.499663,90.203964,45.047646
-0.590396,-0.807103,-0.004106,0.79084,-0.577468,-0.20274,0.161261,-0.122944,0.979224,57.756512,0.156433,0.675461,-0.720612,34.766495,57.746712,297.71756,2.571463,0.272293,-0.815568,0.499873,0.291506,1.853584,139.151306,-5.166975,3.523552,-45.149761,-10.833431,86.993355,32.396351,0.753297,7.240882,-6.861381,89.483582,44.940166
-0.65476,-0.755836,-0.000158,0.738431,-0.639638,-0.213503,0.161273,-0.13991,0.976942,57.756512,0.147969,0.690234,-0.708295,35.225925,52.106789,295.85144,2.4976,0.302708,-0.778068,0.523342,0.347453,2.32374,138.787415,-5.516557,3.681874,4.523424,1.200319,86.993355,23.277643,0.985695,7.336301,-6.405061,88.223274,43.663059
-0.649332,-0.760451,-0.009023,0.745629,-0.634252,-0.204356,0.14968,-0.139423,0.978855,57.756512,0.141278,0.672787,-0.726222,32.235249,53.181732,297.01181,2.47247,0.214035,-0.78185,0.525807,0.335018,1.995218,138.753006,-6.048974,-5.08849,-15.876366,-14.718049,86.993355,31.930332,0.765174,7.431689,-6.403201,89.172501,44.329678
-0.644825,-0.764253,-0.010873,0.751287,-0.63114,-0.192952,0.140601,-0.132589,0.981148,57.756512,0.139799,0.679448,-0.720282,29.821205,55.249844,297.470795,2.450539,0.219172,-0.790747,0.514428,0.331788,1.812448,139.387634,-5.817381,4.752674,24.658937,16.687473,86.993355,34.826656,0.691358,7.527068,-6.473717,89.476433,44.196739
-0.641031,-0.767491,-0.006045,0.752189,-0.626645,-0.203784,0.152615,-0.135179,0.978997,57.756512,0.140454,0.67062,-0.728383,32.90102,54.536339,297.194458,2.480371,0.218035,-0.786459,0.522478,0.329391,1.758486,138.863907,-6.065792,1.183617,18.831787,11.399154,86.993355,33.836349,0.716597,7.622448,-6.49497,89.43158,44.475636
-0.65061,-0.759411,0.001291,0.742814,-0.636742,-0.206852,0.157907,-0.133621,0.978371,57.756512,0.140463,0.685079,-0.714798,34.476681,53.730736,296.127136,2.4445,0.211274,-0.782018,0.519544,0.344271,1.970197,138.449661,-6.066703,5.627591,13.148266,7.359608,86.993355,30.194588,0.809411,7.717819,-6.285585,88.223694,43.56982
-0.655828,-0.754897,-0.004547,0.739101,-0.640856,-0.207445,0.153685,-0.139409,0.978236,57.756512,0.138571,0.688989,-0.711402,33.396461,51.767693,295.79187,2.430375,0.212571,-0.780089,0.518482,0.350197,1.936987,138.249008,-6.113717,2.537382,17.019878,8.324189,86.993355,28.104368,0.862682,7.8172,-6.275934,87.754768,43.269489
-0.662476,-0.749056,0.00635,0.734812,-0.651478,-0.188754,0.145524,-0.120379,0.982004,57.756512,0.132964,0.669795,-0.730544,30.843719,58.567371,297.974304,2.456648,0.193164,-0.777332,0.527754,0.342389,1.275919,138.860703,-6.268321,-7.304848,-33.742188,-15.581178,86.993355,29.121716,0.836754,7.92595,-6.721828,89.642059,44.47929
-0.67459,-0.737914,0.020301,0.720245,-0.663966,-0.200988,0.16179,-0.120963,0.979383,57.756512,0.139974,0.685686,-0.714313,34.570736,57.649437,296.281067,2.423861,0.24574,-0.767014,0.531312,0.359718,1.188081,138.975159,-6.198803,-5.543714,-51.979679,-24.141371,86.993355,26.140059,0.912744,8.021416,-7.193923,88.874847,43.462524
-0.671083,-0.741252,0.013906,0.724455,-0.659631,-0.200129,0.157519,-0.124229,0.979671,57.756512,0.139821,0.666692,-0.732101,33.39027,57.005074,296.652374,2.454304,0.195357,-0.765532,0.541726,0.34712,1.168194,138.123474,-7.078066,-2.958839,-25.268648,-15.482502,86.993355,26.597275,0.901091,8.116976,-7.271797,89.073624,43.759666
-0.673114,-0.739307,0.018514,0.723494,-0.66349,-0.190626,0.153215,-0.114918,0.981488,57.756512,0.135751,0.668926,-0.730828,32.463913,59.398388,297.019562,2.455595,0.217556,-0.768019,0.537045,0.348898,1.119109,138.157669,-7.133573,1.113057,27.08662,15.060681,86.993355,26.790304,0.896172,8.212267,-7.087152,89.0634,43.657707
-0.684993,-0.728225,0.021732,0.712637,-0.675934,-0.187778,0.151434,-0.113139,0.981971,57.756512,0.130364,0.677847,-0.723553,31.677574,60.107063,297.074982,2.406815,0.23347,-0.762891,0.534689,0.363462,0.549441,138.882874,-6.722544,-3.823789,17.624048,13.587011,86.993355,26.474106,0.904231,8.307704,-7.413722,89.312836,43.588459
-0.677956,-0.734262,0.035137,0.717525,-0.671379,-0.185492,0.15979,-0.100544,0.982017,57.756512,0.135133,0.698709,-0.702527,33.296528,61.846416,295.949768,2.352021,0.244722,-0.773151,0.517782,0.366251,0.074531,138.46199,-6.515255,-3.566073,-6.740585,1.175604,86.993355,23.745173,0.97378,8.402938,-7.951772,87.800987,42.451321
-0.683406,-0.729177,0.035451,0.713168,-0.677205,-0.181065,0.156036,-0.098459,0.982832,57.756512,0.137721,0.705465,-0.695235,32.018002,61.422489,295.414795,2.396729,0.387873,-0.773391,0.515114,0.36949,-0.038885,137.857788,-6.791574,-0.439391,-2.433334,-5.099343,86.993355,20.000771,1.0,8.498355,-8.261296,86.838623,41.706078
-0.635106,-0.772075,0.023245,0.752578,-0.625285,-0.206506,0.173973,-0.11366,0.978169,57.756512,0.152503,0.680317,-0.716876,36.350491,57.68679,294.84787,2.559299,0.306265,-0.787855,0.521617,0.327414,0.172151,136.816437,-7.529911,-1.054993,-26.229439,-12.69647,86.993355,18.309074,1.0,8.593841,-8.558928,87.026939,42.342793
-0.61591,-0.787247,0.029967,0.766481,-0.607588,-0.208192,0.182106,-0.105258,0.977629,57.756512,0.155027,0.670519,-0.725514,38.675648,59.944252,295.317078,2.615222,0.280688,-0.795359,0.520317,0.310925,0.357159,136.296005,-7.538144,1.605732,-20.752911,-1.902844,86.993355,19.831455,1.0,8.689235,-8.333356,87.115685,42.951508
-0.59964,-0.79999,0.021177,0.782524,-0.59168,-0.193833,0.167594,-0.099658,0.980806,57.756512,0.163605,0.670751,-0.723413,35.178146,62.288052,296.806274,2.618435,0.273826,-0.810299,0.509638,0.289284,1.072216,137.182358,-6.782114,10.048314,12.480859,11.609461,86.993355,18.93025,1.0,8.784549,-8.084626,88.013947,43.620522
-0.600796,-0.799167,0.019393,0.781948,-0.592546,-0.193512,0.16614,-0.101097,0.980906,57.756512,0.145192,0.661839,-0.735452,36.067039,62.631668,298.705688,2.477593,0.210874,-0.809295,0.507059,0.296536,1.250847,137.40448,-5.680724,-6.5463,-11.161188,4.435983,86.993355,31.475882,0.776756,8.879928,-6.820353,88.728996,45.494072
-0.602793,-0.797752,0.015279,0.782712,-0.59493,-0.18281,0.154927,-0.098237,0.98303,57.756512,0.147399,0.672788,-0.725003,31.512587,62.747875,299.615997,2.506983,0.240565,-0.814679,0.498246,0.29673,-0.230562,137.381973,-4.641126,-22.285822,-18.431635,5.006131,86.993355,31.296619,0.781324,8.99262,-8.480289,88.106949,45.856266
-0.554456,-0.832149,0.010342,0.813366,-0.544487,-0.204866,0.176111,-0.105177,0.978735,57.756512,0.157654,0.70935,-0.686999,36.271557,59.965752,296.622498,2.61233,0.30816,-0.837631,0.464514,0.287405,-0.903979,138.592148,-3.997229,4.448688,50.687252,15.307071,86.993355,21.063251,1.0,9.087983,-9.189717,87.116272,43.971264
-0.555033,-0.831826,0.001838,0.811778,-0.542136,-0.217037,0.181533,-0.118971,0.976162,57.756512,0.152331,0.69896,-0.698749,37.665848,56.477207,296.408417,2.641779,0.31932,-0.832041,0.472253,0.291007,-1.203439,138.19989,-4.243392,-7.306329,-21.218977,-9.182605,86.993355,22.206238,1.0,9.183439,-9.195242,87.1884,44.421555
-0.545222,-0.838279,-0.004595,0.820221,-0.532329,-0.209437,0.173121,-0.117959,0.977811,57.756512,0.166695,0.70649,-0.687811,35.114365,56.082409,296.209839,2.620103,0.315919,-0.839931,0.467123,0.276247,-0.745593,137.972275,-4.188046,15.150923,15.036968,10.435499,86.993355,18.048344,1.0,9.278832,-9.575148,86.532417,43.797153
-0.55501,-0.831827,0.00519,0.815154,-0.545108,-0.195909,0.165792,-0.104501,0.980608,57.756512,0.179529,0.71703,-0.673526,33.211666,58.893398,296.130066,2.609779,0.386336,-0.840706,0.467366,0.273462,0.087281,137.773071,-4.138537,1.342562,-36.095375,-19.703943,86.993355,17.299814,1.0,9.374272,-9.585901,85.86924,42.995338
-0.579591,-0.814744,0.016337,0.79866,-0.571904,-0.187261,0.161913,-0.095487,0.982174,57.756512,0.17684,0.703758,-0.688078,33.323624,62.705372,297.215607,2.697609,0.41025,-0.829375,0.482981,0.280833,1.260471,138.393753,-4.439076,4.430576,-11.918217,-9.095957,86.993355,18.547115,1.0,9.469644,-8.472774,87.354416,43.67664
-0.577201,-0.8166,-0.001749,0.802517,-0.566848,-0.186146,0.151015,-0.108847,0.982521,57.756512,0.162027,0.680619,-0.714496,31.485271,59.568047,298.707184,2.66541,0.329596,-0.82868,0.486967,0.275958,1.470707,137.516083,-4.707886,-4.188418,-14.397581,-3.027265,86.993355,20.500204,1.0,9.565061,-7.497823,87.665932,45.078808
-0.569542,-0.82196,-0.002119,0.808007,-0.559397,-0.184933,0.150822,-0.107039,0.982749,57.756512,0.16224,0.679124,-0.715869,31.354921,59.600632,298.996185,2.64033,0.317416,-0.832557,0.483621,0.270112,1.345173,136.989151,-4.582901,-7.475366,-26.044273,-4.28542,86.993355,21.580832,1.0,9.660601,-7.578296,87.231758,45.308895
-0.593249,-0.805018,0.001462,0.789376,-0.582077,-0.195122,0.157928,-0.114601,0.980778,57.756512,0.170494,0.710822,-0.682396,32.536079,56.056923,296.389893,2.621359,0.418684,-0.823093,0.483465,0.297958,1.258974,137.239059,-4.422017,-1.776167,10.54873,4.634073,86.993355,17.377712,1.0,9.755751,-8.231416,85.64019,43.21138
-0.633923,-0.773194,0.017662,0.756101,-0.624388,-0.196089,0.162643,-0.110951,0.980427,57.756512,0.163461,0.728334,-0.665439,33.583942,55.306698,294.540802,2.620905,0.50366,-0.805288,0.488153,0.336478,0.87487,136.452484,-5.054025,-1.221627,-3.548732,-5.628507,86.993355,20.518339,1.0,9.851151,-8.400824,83.947769,41.4529
-0.590637,-0.806755,0.017149,0.788628,-0.581607,-0.199496,0.170918,-0.104306,0.979749,57.756512,0.172346,0.728816,-0.662665,35.36845,56.332092,293.753418,2.657118,0.485982,-0.825552,0.473865,0.306459,0.66805,135.786453,-5.542862,1.401445,17.180088,-3.2202,86.993355,21.850206,1.0,9.946546,-8.75242,83.257622,40.840622
-0.557513,-0.829892,0.021403,0.80839,-0.548573,-0.21348,0.188906,-0.101716,0.976713,57.756512,0.163793,0.683727,-0.711118,40.233448,58.143059,295.112701,2.649518,0.375076,-0.82669,0.488473,0.279244,0.155404,134.38028,-6.595851,-7.852315,-17.359205,-5.190335,86.993355,18.353235,1.0,10.041962,-8.530958,84.400032,42.983528
-0.568787,-0.821385,0.042521,0.797294,-0.563326,-0.216762,0.201998,-0.08939,0.975298,57.756512,0.16509,0.674722,-0.719372,43.716137,60.785896,295.025177,2.660293,0.352505,-0.816071,0.503052,0.284547,0.351523,133.196289,-6.907484,19.366945,29.051331,14.826136,86.993355,13.320893,1.0,10.15464,-8.427818,83.861061,43.261261
-0.596638,-0.800916,0.050564,0.782231,-0.59448,-0.186298,0.179269,-0.071599,0.981191,57.756512,0.157929,0.675048,-0.720672,38.318005,63.043961,296.300995,2.600571,0.364506,-0.813313,0.502812,0.292749,0.679873,130.685852,-7.312084,-4.9486,-54.003456,-18.358707,86.993355,16.104897,1.0,10.250065,-7.958537,81.526672,43.0158
-0.607532,-0.792383,0.055074,0.77713,-0.60731,-0.165055,0.164234,-0.057476,0.984745,57.756512,0.15276,0.672664,-0.724008,34.726749,66.710648,297.525452,2.550094,0.272003,-0.815051,0.50006,0.292628,0.797259,130.430466,-7.285318,-0.603404,-10.928548,-8.014101,86.993355,21.704622,1.0,10.345636,-7.668708,81.547623,43.322762
-0.603225,-0.796381,0.043547,0.781856,-0.601242,-0.164955,0.157549,-0.065457,0.985339,57.756512,0.145293,0.669122,-0.728811,33.230469,64.797981,298.302795,2.556107,0.242575,-0.81803,0.49559,0.291922,0.603333,130.457565,-6.942041,-4.743376,-19.774374,-3.900369,86.993355,24.103653,0.964644,10.440911,-7.439376,81.695091,43.9468
-0.599426,-0.799275,0.042995,0.781522,-0.596027,-0.184323,0.172951,-0.076886,0.981925,57.756512,0.145059,0.673952,-0.724394,37.117058,61.539951,297.308533,2.61804,0.329169,-0.813788,0.497696,0.300079,0.391854,130.533463,-6.702536,-8.871353,-21.016098,-3.644246,86.993355,18.508131,1.0,10.53632,-7.528603,81.387337,43.833954
-0.59465,-0.80273,0.044907,0.782781,-0.590806,-0.195456,0.18343,-0.081075,0.979684,57.756512,0.149087,0.687815,-0.71041,39.545959,59.978966,296.045868,2.653576,0.436274,-0.814581,0.492713,0.306093,0.231494,130.888504,-6.438678,1.0057,26.871098,10.11941,86.993355,16.910006,1.0,10.63163,-7.804643,80.907814,43.14978
-0.587791,-0.808299,0.033986,0.789852,-0.582452,-0.192053,0.175031,-0.086043,0.980796,57.756512,0.151283,0.69053,-0.707306,37.234486,59.276531,296.219238,2.630899,0.406848,-0.820973,0.486307,0.299179,0.220067,131.679245,-6.337062,5.193815,49.262058,19.341967,86.993355,18.304924,1.0,10.72714,-7.948083,81.487823,43.036079
-0.535158,-0.844535,0.019136,0.824355,-0.52705,-0.206536,0.184512,-0.094755,0.978252,57.756512,0.152991,0.691298,-0.706188,39.877815,57.890636,295.937469,2.591503,0.314637,-0.842088,0.46518,0.272938,0.087364,132.723724,-5.87079,-6.937797,-4.007463,0.767563,86.993355,22.077089,1.0,10.822482,-7.752309,82.350754,43.41103
-0.568478,-0.822614,0.011758,0.804041,-0.558556,-0.203798,0.174214,-0.106401,0.978942,57.756512,0.142482,0.695284,-0.704471,37.46064,55.989887,296.89563,2.549232,0.305103,-0.82966,0.472033,0.298075,0.000713,134.130051,-4.896482,-8.620585,-36.229897,-5.395517,86.993355,27.098383,0.88832,10.917985,-7.511137,83.456276,44.190929
-0.555123,-0.831767,0.001442,0.816818,-0.545471,-0.187804,0.156996,-0.103077,0.982205,57.756512,0.129753,0.67803,-0.723491,32.411449,56.298969,298.658051,2.582228,0.193817,-0.840335,0.462496,0.282727,-1.351602,132.583862,-5.258023,-17.103106,-15.195479,-5.051801,86.993355,32.993725,0.738072,11.013185,-8.115531,82.907295,45.111057
-0.522644,-0.852506,-0.008785,0.838789,-0.512335,-0.184243,0.152568,-0.103663,0.982841,57.756512,0.144824,0.687198,-0.711888,29.535521,57.457432,298.388794,2.576575,0.239331,-0.85744,0.446213,0.256303,-2.399616,134.449677,-4.96566,2.786392,72.542221,20.132124,86.993355,26.937794,0.892413,11.108699,-9.848343,84.216995,44.677628
-0.517498,-0.855201,0.028755,0.837691,-0.513185,-0.186858,0.174558,-0.072611,0.981966,57.756512,0.14759,0.715679,-0.682657,34.65295,64.807999,296.703857,2.627233,0.422899,-0.860641,0.433036,0.267913,-3.092893,135.120819,-4.626616,-14.25462,-50.852028,-21.529957,86.993355,21.709173,1.0,11.221343,-10.407483,83.551895,43.218655
-0.503606,-0.863786,0.015936,0.848829,-0.498151,-0.177017,0.160844,-0.07562,0.984079,57.756512,0.15665,0.728757,-0.666614,30.656847,63.825478,296.397156,2.663516,0.438736,-0.871874,0.419127,0.253313,-3.04244,135.694321,-4.458452,7.762617,33.625374,16.919096,86.993355,22.633667,1.0,11.316685,-10.86338,83.345993,42.366554
-0.526163,-0.850169,0.019127,0.833884,-0.520232,-0.184379,0.166704,-0.081063,0.982669,57.756512,0.140888,0.715246,-0.684524,32.886318,63.068501,297.180084,2.629809,0.362845,-0.859085,0.431971,0.274543,-3.123626,135.60878,-4.404638,-3.389595,-16.400139,-4.59347,86.993355,24.537683,0.953582,11.412143,-10.146725,83.994225,43.513374
-0.485086,-0.874443,-0.006409,0.860969,-0.476303,-0.178515,0.153049,-0.092113,0.983916,57.756512,0.14076,0.710986,-0.688974,29.936663,61.375908,298.93689,2.595424,0.20068,-0.878192,0.410979,0.244691,-2.736594,136.65416,-3.256174,9.123693,8.85076,13.614489,86.993355,30.026588,0.813692,11.507472,-9.571379,85.154053,44.948242
-0.529229,-0.848239,-0.020175,0.838121,-0.518917,-0.168161,0.132171,-0.105905,0.985553,57.756512,0.136543,0.704815,-0.696127,24.846214,58.036358,300.240326,2.520087,0.172312,-0.864273,0.428179,0.263998,-2.216025,136.621429,-2.756961,0.337742,-5.648797,1.744725,86.993355,36.563076,0.647104,11.603026,-9.272533,85.374695,45.829147
-0.527116,-0.849433,-0.024744,0.84007,-0.516472,-0.165948,0.128182,-0.108261,0.985824,57.756512,0.136133,0.705009,-0.69601,23.760115,57.065639,300.371979,2.507696,0.221779,-0.866188,0.425675,0.261761,-2.286222,136.292694,-2.680286,2.347698,-4.194562,-0.504143,86.993355,37.917362,0.612589,11.698221,-9.328972,85.012108,45.890888
-0.509123,-0.860482,-0.019096,0.848697,-0.498212,-0.177477,0.143202,-0.106564,0.98394,57.756512,0.138636,0.700823,-0.699733,27.618792,56.375809,299.931061,2.541694,0.240532,-0.86859,0.425462,0.254033,-2.360597,134.925995,-2.894921,-2.325078,-19.345955,-2.38088,86.993355,36.153908,0.657532,11.793707,-9.347322,83.884308,45.936367
-0.505127,-0.862488,-0.031017,0.851342,-0.492057,-0.181925,0.141646,-0.118301,0.982823,57.756512,0.139055,0.702291,-0.698177,27.242573,51.883781,299.430939,2.540645,0.245783,-0.869645,0.423841,0.253133,-2.311032,133.658279,-2.953064,0.311824,-13.089341,-1.282139,86.993355,36.235126,0.655462,11.889225,-9.321935,82.422043,45.72448
-0.545655,-0.83776,-0.020454,0.824637,-0.532445,-0.190986,0.14911,-0.12108,0.98138,57.756512,0.138918,0.689357,-0.710977,29.736315,51.691868,299.394073,2.571488,0.320508,-0.846634,0.455106,0.275843,-1.447952,133.444412,-3.418012,1.672022,-6.861476,-9.326137,86.993355,28.112314,0.862479,11.984516,-8.755015,82.947548,46.060272
-0.53939,-0.842036,-0.0058,0.826564,-0.528138,-0.194583,0.160783,-0.10975,0.980869,57.756512,0.14729,0.697052,-0.70173,32.629738,54.720909,298.700562,2.617071,0.349374,-0.847875,0.454316,0.273323,-1.209813,133.88707,-3.427353,-1.777297,-12.456572,-5.677095,86.993355,24.11058,0.964467,12.079868,-8.874776,83.051826,45.498543
-0.529998,-0.847973,-0.006676,0.833371,-0.519384,-0.189032,0.156827,-0.105751,0.981948,57.756512,0.155327,0.70603,-0.690938,31.156992,55.204235,298.442688,2.598457,0.357269,-0.854811,0.446635,0.264225,-1.245723,133.819519,-3.293672,6.969099,30.461226,12.998267,86.993355,22.406408,1.0,12.175184,-9.326324,82.502762,44.962078
-0.566325,-0.824153,0.006928,0.810274,-0.558286,-0.178248,0.150771,-0.095332,0.983961,57.756512,0.152893,0.700713,-0.696868,29.429659,57.274071,298.529938,2.571327,0.415931,-0.840806,0.462778,0.280859,-1.26157,132.767548,-4.142705,-2.846051,-56.94656,-23.432165,86.993355,20.297424,1.0,12.270643,-9.490536,81.883141,44.529686
-0.524017,-0.851651,0.009837,0.835979,-0.516515,-0.185341,0.162927,-0.088898,0.982625,57.756512,0.146016,0.687615,-0.711242,32.895741,57.580002,298.140381,2.655071,0.309123,-0.855164,0.449186,0.258702,-1.718419,130.646576,-5.174894,-5.549441,-17.832714,-2.150033,86.993355,22.531927,1.0,12.383309,-9.1623,80.528114,44.485065
-0.465368,-0.885106,-0.004372,0.868296,-0.45556,-0.196284,0.17174,-0.095141,0.980537,57.756512,0.154584,0.69457,-0.702621,34.98653,54.73761,297.077606,2.664319,0.300223,-0.876,0.425221,0.22762,-1.844721,129.913528,-5.155271,-1.804266,-13.365679,1.387819,86.993355,18.587254,1.0,12.478692,-9.346542,79.297325,43.961201
-0.484248,-0.874928,-0.002276,0.855183,-0.472768,-0.212492,0.184839,-0.104845,0.97716,57.756512,0.155003,0.689941,-0.707075,38.137356,51.844479,296.584503,2.687651,0.389056,-0.862719,0.443257,0.243393,-1.960699,129.343292,-4.994911,-12.607037,-28.645494,-4.412653,86.993355,15.380235,1.0,12.574074,-9.577146,78.909325,44.339886
-0.452827,-0.891422,0.017733,0.872734,-0.447228,-0.195763,0.182438,-0.073171,0.980491,57.756512,0.158658,0.703842,-0.692411,36.526814,58.959667,296.913177,2.689761,0.410148,-0.879933,0.418885,0.224174,-3.013439,128.795929,-4.743217,6.85504,57.365555,24.255142,86.993355,16.648872,1.0,12.669496,-10.567806,77.848045,43.808743
-0.486594,-0.872817,0.037653,0.851853,-0.483587,-0.20122,0.193837,-0.065838,0.978822,57.756512,0.155729,0.717731,-0.678683,39.061844,59.556793,295.31955,2.769191,0.554157,-0.86661,0.429005,0.254838,-3.488796,128.200623,-4.986809,6.738832,29.064568,13.936187,86.993355,20.746666,1.0,12.764844,-10.975286,76.552238,42.645924
-0.501075,-0.864319,0.043311,0.845248,-0.49953,-0.189803,0.185686,-0.058497,0.980866,57.756512,0.150039,0.717562,-0.680142,37.253677,60.749027,295.481781,2.82831,0.511531,-0.865192,0.428214,0.260914,-3.420966,127.407707,-5.469866,5.19607,19.249041,13.203872,86.993355,20.140902,1.0,12.860411,-10.679302,75.849403,42.280411
-0.497128,-0.866914,0.036373,0.846423,-0.493746,-0.199458,0.190872,-0.068369,0.979231,57.756512,0.141732,0.706303,-0.693576,39.150627,57.849754,295.422729,2.753673,0.458467,-0.862774,0.431644,0.263257,-3.380652,126.510696,-5.922942,-3.003127,-12.043881,-8.06186,86.993355,19.940939,1.0,12.955813,-10.121193,75.498596,42.643513
-0.476181,-0.878378,0.041265,0.856987,-0.474077,-0.202051,0.19704,-0.060849,0.978505,57.756512,0.133517,0.690232,-0.711163,41.182541,59.961182,296.051697,2.574673,0.375808,-0.86829,0.427397,0.251801,-3.60175,125.708076,-6.29219,1.737958,-0.438573,2.321728,86.993355,23.786337,0.972731,13.051064,-9.681471,75.6688,43.45985
-0.467254,-0.882983,0.044885,0.862576,-0.466419,-0.196001,0.194001,-0.052866,0.979576,57.756512,0.136184,0.688233,-0.712593,40.477726,62.322777,296.618378,2.564699,0.284623,-0.873056,0.423328,0.242006,-3.410388,125.824661,-6.148252,2.067388,-3.470424,2.141045,86.993355,25.026915,0.941114,13.14653,-9.601713,75.969543,43.75016
-0.458311,-0.887627,0.045482,0.867559,-0.457895,-0.194097,0.193112,-0.049499,0.979927,57.756512,0.137462,0.692353,-0.708344,40.30896,62.973534,296.700897,2.593055,0.323125,-0.877441,0.416917,0.237228,-3.341766,125.813995,-5.901495,0.743195,1.282967,4.639792,86.993355,23.634144,0.97661,13.241881,-9.540993,75.751129,43.741932
-0.472966,-0.880219,0.038957,0.860906,-0.471092,-0.19213,0.187469,-0.057333,0.980596,57.756512,0.132069,0.691227,-0.710467,38.955769,60.777161,297.128845,2.595622,0.352662,-0.873356,0.420149,0.246423,-3.427782,125.639381,-5.736313,-1.26506,-3.753905,0.460716,86.993355,24.020102,0.966773,13.337292,-9.43755,75.577118,43.997318
-0.478574,-0.875035,0.072668,0.857488,-0.48357,-0.175712,0.188894,-0.021779,0.981756,57.756512,0.129586,0.685166,-0.716767,38.853172,69.411674,297.932404,2.595428,0.346752,-0.873593,0.420858,0.244365,-4.072622,124.40979,-5.790763,-9.44455,-9.728853,-1.123362,86.993355,25.548231,0.927827,13.449985,-9.908024,75.033791,44.501431
-0.475659,-0.8749,0.0911,0.86066,-0.484291,-0.157246,0.181693,0.00361,0.983349,57.756512,0.128021,0.681816,-0.720234,36.986645,76.696442,298.938507,2.556824,0.268039,-0.879354,0.413865,0.235484,-4.199881,124.705818,-5.53813,-0.114089,10.986572,7.931808,86.993355,28.007914,0.86514,13.545333,-9.915709,75.764481,45.096397
-0.494134,-0.867356,0.059381,0.850186,-0.496368,-0.175508,0.181703,-0.036239,0.982686,57.756512,0.134863,0.692363,-0.708833,37.082699,67.445351,298.470032,2.587987,0.300518,-0.86906,0.426284,0.25103,-3.504991,126.715973,-4.916105,3.387203,6.656852,3.426133,86.993355,25.849871,0.92014,13.640714,-9.822094,76.800148,44.799076
-0.468589,-0.882709,0.035343,0.865111,-0.466614,-0.183995,0.178906,-0.055642,0.982291,57.756512,0.12088,0.694233,-0.709527,37.038765,62.526703,298.681549,2.545197,0.26353,-0.879322,0.406562,0.247992,-3.825383,127.10392,-4.558362,-2.719515,4.540734,3.589221,86.993355,31.018925,0.788402,13.736182,-9.144163,76.890198,45.11232
-0.458463,-0.888255,0.028534,0.871594,-0.455672,-0.180794,0.173594,-0.058017,0.983107,57.756512,0.125116,0.691617,-0.711345,35.415447,62.43684,299.386932,2.51339,0.21172,-0.883948,0.403289,0.23663,-3.844175,127.505058,-4.196751,-0.903021,1.328703,1.756636,86.993355,32.801502,0.742971,13.83151,-9.396121,77.413445,45.60722
-0.474683,-0.879703,0.02827,0.864423,-0.472003,-0.173165,0.165677,-0.057761,0.984487,57.756512,0.125339,0.690933,-0.71197,33.442966,62.596184,299.841766,2.535833,0.228826,-0.880204,0.408545,0.241519,-3.60252,127.548332,-4.137585,2.488724,-5.422031,-1.344318,86.993355,32.554878,0.749256,13.926909,-9.324928,77.506683,45.705772
-0.483106,-0.874634,0.040293,0.85806,-0.482103,-0.176946,0.174189,-0.05091,0.983395,57.756512,0.135262,0.676875,-0.723564,35.277409,63.893276,299.414978,2.622632,0.238145,-0.872136,0.427894,0.237247,-3.312919,126.211143,-5.083956,2.67789,-27.965782,-19.693846,86.993355,27.109787,0.88803,14.022447,-9.687725,77.035255,45.560787
-0.47437,-0.878464,0.057216,0.861786,-0.476667,-0.17353,0.179713,-0.033009,0.983165,57.756512,0.138527,0.686157,-0.714142,36.861961,67.450745,298.272095,2.6745,0.403068,-0.87647,0.420671,0.234171,-3.098243,125.514236,-5.627689,-2.643022,-16.578279,-3.102623,86.993355,20.275055,1.0,14.117797,-9.52924,75.971756,44.477348
-0.471255,-0.880134,0.057294,0.864644,-0.47383,-0.166961,0.174096,-0.029142,0.984297,57.756512,0.131473,0.682367,-0.71909,35.965385,68.82238,298.96698,2.652966,0.372229,-0.879961,0.414364,0.232317,-2.972465,125.632332,-5.563226,1.365285,7.907871,7.400791,86.993355,22.70365,1.0,14.213123,-8.975885,76.345131,44.879974
-0.480262,-0.87633,0.037332,0.861461,-0.479266,-0.167894,0.165022,-0.048473,0.985098,57.756512,0.127072,0.678172,-0.723834,33.993298,63.846455,299.85965,2.660286,0.326839,-0.877297,0.417347,0.237006,-2.717548,125.583328,-5.103425,2.203623,1.041521,3.277441,86.993355,21.821329,1.0,14.308539,-8.605645,76.359245,45.565945
-0.488346,-0.872275,0.025592,0.858689,-0.485552,-0.163989,0.155469,-0.058108,0.98613,57.756512,0.131165,0.677875,-0.723382,31.399357,61.222282,300.357025,2.70764,0.318361,-0.875734,0.42122,0.235931,-2.462193,125.516136,-4.812904,2.732097,-5.504244,1.754466,86.993355,22.670267,1.0,14.404,-8.733594,76.222237,45.796883
-0.520557,-0.853256,0.03123,0.839799,-0.518264,-0.161679,0.154139,-0.057937,0.986349,57.756512,0.126994,0.676616,-0.725302,31.44417,60.255932,300.554596,2.663361,0.298773,-0.862854,0.43602,0.255674,-2.088094,124.412697,-4.769161,1.439378,-10.492002,-0.693008,86.993355,27.109482,0.888037,14.516875,-8.345334,75.211746,45.937931
-0.53572,-0.843585,0.037002,0.829737,-0.534044,-0.162277,0.156655,-0.056233,0.986051,57.756512,0.125404,0.673388,-0.728576,32.240875,60.415478,300.463318,2.602907,0.295173,-0.855061,0.445788,0.264846,-1.934996,123.92144,-4.993509,-2.327891,-10.269985,-6.21202,86.993355,26.897585,0.893438,14.612027,-8.19823,74.931435,45.923569
-0.550221,-0.83348,0.050676,0.820776,-0.551,-0.150751,0.153571,-0.041352,0.987272,57.756512,0.126604,0.667819,-0.733477,31.233713,64.378792,300.91153,2.551509,0.228014,-0.850282,0.453879,0.266484,-1.960584,123.573784,-5.244912,8.356112,10.110683,0.097983,86.993355,30.848295,0.79275,14.707434,-8.409069,75.05349,46.056637
-0.525479,-0.848804,0.058334,0.835529,-0.527764,-0.152832,0.160511,-0.03157,0.986529,57.756512,0.135163,0.678989,-0.721599,32.398129,66.509178,299.863831,2.586193,0.270137,-0.861697,0.440048,0.252659,-2.33548,123.744934,-5.378485,6.390085,54.605019,20.056053,86.993355,25.703434,0.923872,14.802906,-9.036214,74.65876,45.200714
-0.513794,-0.856413,0.050717,0.83909,-0.513958,-0.178258,0.178729,-0.049032,0.982676,57.756512,0.128235,0.671632,-0.729703,37.452011,62.042572,299.029297,2.678683,0.31337,-0.857849,0.444323,0.258208,-2.542019,123.538429,-5.658812,-3.12339,-3.018822,-1.830821,86.993355,19.845955,1.0,14.898201,-8.685162,74.699715,45.360867
-0.500368,-0.864972,0.038153,0.84848,-0.498647,-0.177293,0.172378,-0.05634,0.983418,57.756512,0.130526,0.676174,-0.725087,35.969162,60.711987,299.312561,2.677427,0.329267,-0.865409,0.434556,0.249455,-2.303256,124.431503,-5.24955,-0.450541,-2.909487,0.84067,86.993355,20.702141,1.0,14.993656,-8.52854,75.255569,45.452442
-0.528254,-0.848805,0.021854,0.835572,-0.524247,-0.164267,0.150888,-0.068514,0.986174,57.756512,0.123567,0.668427,-0.733441,30.355425,58.402748,300.998413,2.663663,0.296976,-0.858142,0.443134,0.259277,-2.429499,124.9161,-4.768428,-0.897528,10.434087,6.556868,86.993355,26.058582,0.914821,15.089048,-8.594899,76.088997,46.427021
-0.475867,-0.87933,0.018152,0.864756,-0.471546,-0.172748,0.160462,-0.066508,0.984799,57.756512,0.134794,0.674295,-0.726056,32.346581,59.589611,300.504639,2.611358,0.297385,-0.877533,0.421536,0.228569,-2.67097,125.935448,-4.475354,-2.296375,4.969407,0.183939,86.993355,27.648315,0.874305,15.184398,-9.075155,76.757957,46.28817
-0.49724,-0.866621,0.041473,0.8495,-0.496019,-0.179764,0.176359,-0.054154,0.982835,57.756512,0.126471,0.666286,-0.734894,36.499714,63.145515,300.321564,2.686255,0.343043,-0.864585,0.437235,0.247625,-3.075805,125.716614,-4.742348,-4.244479,2.240028,-3.065774,86.993355,22.02364,1.0,15.279717,-9.025614,77.12484,46.612003
-0.50072,-0.864259,0.048343,0.848192,-0.501026,-0.171883,0.172772,-0.045061,0.98393,57.756512,0.126124,0.669801,-0.731751,35.306576,65.63623,300.398254,2.655541,0.322857,-0.865752,0.43445,0.24845,-3.345655,125.972229,-4.778058,-0.795227,4.636333,-0.802804,86.993355,21.10013,1.0,15.375085,-9.292962,77.268417,46.405926
-0.449415,-0.89246,0.039264,0.877462,-0.449255,-0.16802,0.16759,-0.041058,0.985001,57.756512,0.134675,0.680673,-0.720102,34.179222,66.549217,300.252533,2.62729,0.279583,-0.88841,0.4048,0.216482,-2.967626,126.460213,-4.50992,5.000864,1.286476,5.285016,86.993355,25.903332,0.918777,15.470641,-9.082567,77.14801,45.983784
-0.447178,-0.894256,0.018372,0.878869,-0.443114,-0.176748,0.166199,-0.062891,0.984085,57.756512,0.144157,0.688532,-0.710734,34.161793,60.422962,299.89801,2.61832,0.262758,-0.887715,0.40734,0.214561,-2.0237,126.630028,-3.936857,9.006292,-3.217711,3.264526,86.993355,29.327282,0.831515,15.565956,-8.740874,76.657646,45.865891
-0.462957,-0.886211,0.017327,0.871813,-0.458791,-0.17162,0.160041,-0.064347,0.985011,57.756512,0.141193,0.688504,-0.711355,32.77586,59.972202,300.394592,2.564745,0.249413,-0.884008,0.41114,0.222472,-1.860789,126.557861,-3.699719,-0.764383,1.021392,-0.922171,86.993355,31.945618,0.764784,15.678595,-8.537215,76.582817,46.123386
-0.480959,-0.876608,0.015395,0.863839,-0.476808,-0.162595,0.149873,-0.064903,0.986573,57.756512,0.1374,0.682125,-0.718211,29.85726,61.166195,301.256622,2.570762,0.271941,-0.879726,0.417256,0.227992,-2.191767,127.525032,-3.67929,-6.906168,12.853862,0.174017,86.993355,31.724243,0.770426,15.774009,-8.831021,77.920166,46.582249
-0.490994,-0.870995,0.017107,0.857401,-0.486621,-0.167519,0.154233,-0.067583,0.98572,57.756512,0.120722,0.677429,-0.725614,31.010794,60.623074,301.482483,2.555119,0.269319,-0.874826,0.418062,0.244753,-3.135185,127.422806,-3.667896,-8.632392,-8.733159,-4.619911,86.993355,34.482132,0.700139,15.869424,-8.803047,78.069038,47.028118
-0.47609,-0.878285,0.044203,0.862848,-0.476246,-0.169361,0.169799,-0.04249,0.984562,57.756512,0.132311,0.677607,-0.723424,34.460876,67.492325,301.05603,2.600075,0.262369,-0.877483,0.419511,0.232454,-3.222322,127.600441,-3.775687,-2.342601,-1.284176,-0.825547,86.993355,30.628147,0.798361,15.965009,-9.371185,78.460838,46.900631
-0.457264,-0.888951,0.026004,0.873236,-0.454335,-0.176177,0.168427,-0.057852,0.984015,57.756512,0.135831,0.685137,-0.715638,34.469212,63.224411,300.508545,2.627221,0.253855,-0.884244,0.409621,0.224329,-2.754378,127.882561,-3.624701,11.251074,8.370327,4.322743,86.993355,32.816765,0.742582,16.060329,-9.008625,78.158249,46.4944
-0.47747,-0.878288,0.025134,0.863208,-0.474227,-0.173148,0.163993,-0.060978,0.984575,57.756512,0.148047,0.686188,-0.7122,33.679195,62.35955,300.450348,2.594615,0.283814,-0.876631,0.424418,0.226689,-1.472507,127.907562,-3.599034,6.423014,-10.164608,-3.581097,86.993355,30.56995,0.799844,16.155695,-8.654132,78.100319,46.291645
-0.4712,-0.881709,0.023657,0.866664,-0.467811,-0.173339,0.163902,-0.061175,0.984578,57.756512,0.158537,0.698165,-0.698163,33.431194,61.277561,299.448578,2.584525,0.337272,-0.879522,0.421182,0.221464,-1.116343,127.567101,-3.702605,-2.570069,-21.663919,-7.527763,86.993355,24.102558,0.964672,16.251102,-8.878531,77.069191,45.289104
-0.47335,-0.879659,0.046262,0.8627,-0.473557,-0.177459,0.178011,-0.04409,0.98304,57.756512,0.158502,0.694327,-0.701988,37.242897,64.919899,298.717133,2.612611,0.321166,-0.875394,0.427672,0.225349,-1.031948,126.421165,-4.346979,-1.738172,-22.421486,-10.882333,86.993355,21.039444,1.0,16.346645,-8.708838,76.301369,44.954613
-0.449739,-0.89165,0.051918,0.87598,-0.451688,-0.169226,0.174341,-0.030628,0.984209,57.756512,0.177541,0.708401,-0.683116,35.854034,67.518578,297.619507,2.715246,0.375494,-0.885711,0.417579,0.20284,-0.480151,126.238411,-4.641598,2.14687,-14.431417,-2.812045,86.993355,17.860039,1.0,16.441921,-9.150406,75.424973,43.555305
-0.467468,-0.882742,0.047338,0.866509,-0.468158,-0.173175,0.175031,-0.039935,0.983753,57.756512,0.172043,0.71273,-0.680013,36.288612,64.273857,297.233368,2.780348,0.384548,-0.879975,0.421467,0.219112,-0.453109,125.718575,-4.631974,2.20446,-9.007976,-4.330035,86.993355,16.471067,1.0,16.537106,-8.893916,74.582748,43.286934
-0.497542,-0.866232,0.045756,0.849407,-0.49722,-0.176858,0.175951,-0.049129,0.983172,57.756512,0.157299,0.700201,-0.696402,37.129772,62.003063,297.76001,2.75934,0.368835,-0.86741,0.435057,0.241505,-0.520932,125.171272,-4.92632,-3.671362,-15.285285,-8.54713,86.993355,16.752523,1.0,16.632614,-8.290364,74.685242,43.963455
-0.478475,-0.876899,0.045928,0.861786,-0.478978,-0.167045,0.16848,-0.040347,0.984879,57.756512,0.167233,0.708296,-0.685821,35.484867,64.530411,297.75354,2.796367,0.410801,-0.878117,0.423283,0.223031,0.253289,125.823723,-4.767016,2.906677,-16.288628,-6.093518,86.993355,17.058867,1.0,16.745987,-8.006663,74.945541,43.516376
-0.482489,-0.874728,0.04533,0.858582,-0.482556,-0.17314,0.173324,-0.044619,0.983854,57.756512,0.167226,0.708543,-0.685567,37.171951,62.514145,297.344452,2.762274,0.474382,-0.874677,0.427488,0.228461,0.697732,124.962677,-4.865374,-0.121568,-30.823551,-8.141677,86.993355,15.581523,1.0,16.840624,-7.570048,74.032036,43.37199
-0.471222,-0.880728,0.047618,0.865554,-0.472135,-0.167044,0.169603,-0.037499,0.984799,57.756512,0.169678,0.706153,-0.687428,36.071545,63.077141,297.386566,2.710566,0.434587,-0.879986,0.422589,0.216894,0.649983,123.491745,-5.242852,1.608944,-9.964031,1.444425,86.993355,15.604403,1.0,16.936094,-7.709789,72.757126,43.170082
-0.465817,-0.883362,0.051823,0.867488,-0.467431,-0.170216,0.174586,-0.034334,0.984043,57.756512,0.16483,0.708237,-0.686463,37.283394,62.852852,297.131042,2.69908,0.435876,-0.881465,0.418054,0.219662,0.2,122.541641,-5.242502,12.644854,53.99221,18.284927,86.993355,16.479856,1.0,17.03141,-7.784243,71.715736,43.109634
-0.504366,-0.862239,0.04647,0.845988,-0.504207,-0.173436,0.172974,-0.048162,0.983748,57.756512,0.172133,0.745683,-0.643682,36.766155,58.059216,295.051636,2.79355,0.715303,-0.872594,0.418641,0.251633,0.719268,123.550682,-4.379896,3.197662,-0.217165,1.331739,86.993355,13.321732,1.0,17.126957,-7.885411,70.491837,41.106377
-0.518406,-0.853982,0.044388,0.83904,-0.517986,-0.166439,0.165129,-0.04904,0.985052,57.756512,0.173565,0.752723,-0.635046,34.766808,57.723644,294.784454,2.855386,0.826585,-0.8715,0.417707,0.25692,0.940744,123.837837,-4.421759,0.650536,1.526941,-1.738029,86.993355,13.959246,1.0,17.222357,-7.859559,70.382858,40.502594
-0.474324,-0.879375,0.041416,0.864598,-0.474181,-0.166201,0.165792,-0.043025,0.985222,57.756512,0.157693,0.725927,-0.66945,35.714699,59.949215,296.049438,2.733411,0.572724,-0.883969,0.405944,0.231966,0.523528,122.959724,-5.464934,-7.316188,-7.092565,-3.977547,86.993355,19.523838,1.0,17.317726,-7.082983,71.055618,41.72382
-0.463828,-0.884283,0.05392,0.866018,-0.465395,-0.182814,0.186753,-0.038099,0.981668,57.756512,0.148754,0.70072,-0.697756,41.376923,62.329914,296.941559,2.552715,0.318535,-0.878529,0.41755,0.232032,0.100415,122.596191,-5.491897,-2.035401,0.347819,0.58629,86.993355,23.770901,0.973124,17.413042,-6.83156,72.164734,43.533295
-0.464882,-0.883466,0.058075,0.866576,-0.467477,-0.174674,0.181467,-0.030876,0.982912,57.756512,0.149426,0.686735,-0.711384,39.693062,64.940292,298.375641,2.638374,0.315224,-0.878621,0.422228,0.223044,-0.119478,122.474602,-5.315797,-1.833634,3.044971,5.860592,86.993355,27.657074,0.874081,17.508453,-7.150958,72.910652,44.646194
-0.471181,-0.880061,0.059,0.863539,-0.473894,-0.172408,0.17969,-0.030286,0.983257,57.756512,0.146876,0.685527,-0.713078,38.970139,65.368637,298.861145,2.626485,0.280499,-0.877045,0.423611,0.226596,-0.489009,122.671738,-5.024658,-13.383902,-4.22351,-0.874635,86.993355,28.243765,0.859129,17.603743,-7.415046,73.186806,45.042671
-0.515064,-0.851623,0.097197,0.836162,-0.524152,-0.161548,0.188524,-0.001935,0.982067,57.756512,0.132453,0.6702,-0.730266,41.384441,74.296631,299.821259,2.563795,0.449935,-0.858871,0.445369,0.252957,-1.01375,123.105736,-4.936847,-4.904583,5.802178,0.876676,86.993355,24.884157,0.944752,17.699337,-7.281361,74.79612,46.310078
-0.492357,-0.870318,0.011447,0.855935,-0.486524,-0.175127,0.157985,-0.076427,0.984479,57.756512,0.12158,0.673278,-0.729325,33.111492,54.073097,300.315887,2.585075,0.242957,-0.871587,0.423988,0.246111,-1.934438,123.003059,-4.719417,-0.785594,8.124188,11.816375,86.993355,33.734852,0.719184,17.811901,-7.670891,73.802094,46.181892
-0.510925,-0.85962,0.003143,0.845112,-0.502964,-0.181144,0.157296,-0.089895,0.983452,57.756512,0.118783,0.669,-0.73371,33.021385,51.355564,300.662811,2.545377,0.254155,-0.861971,0.436259,0.258234,-1.842387,123.633705,-4.323884,4.053316,9.353202,4.765735,86.993355,34.653286,0.695777,17.907221,-7.583076,74.560982,46.794125
-0.469329,-0.882838,0.018072,0.866574,-0.464422,-0.182652,0.169645,-0.070063,0.983012,57.756512,0.135323,0.67578,-0.724575,35.912609,57.27084,300.322571,2.537279,0.26127,-0.877078,0.421885,0.229669,-1.537071,124.658249,-4.078201,0.754072,13.708764,3.341552,86.993355,33.749256,0.718817,18.00264,-7.879645,75.356873,46.567474
-0.443364,-0.896078,0.021755,0.87698,-0.438677,-0.196133,0.185294,-0.06788,0.980336,57.756512,0.143511,0.685765,-0.713534,39.959564,58.071579,299.536072,2.528358,0.252109,-0.882548,0.414912,0.221261,-1.310153,125.463165,-3.471334,-2.451509,3.823271,1.185175,86.993355,34.570507,0.697886,18.098192,-7.872324,75.594032,46.471645
-0.440399,-0.897689,0.01428,0.880916,-0.435132,-0.186137,0.173306,-0.069395,0.98242,57.756512,0.146112,0.682499,-0.716133,36.606102,58.320984,300.31662,2.527152,0.258652,-0.886567,0.411519,0.211306,-1.35309,125.930862,-3.4194,0.451219,0.508848,0.099057,86.993355,35.496552,0.674285,18.19342,-8.13131,76.234619,46.714195
-0.458918,-0.888388,0.012725,0.871973,-0.453094,-0.18539,0.170464,-0.073983,0.982583,57.756512,0.135942,0.676687,-0.723612,35.963028,56.916683,300.51651,2.528304,0.249431,-0.880583,0.417217,0.22473,-1.732989,125.410233,-3.701722,-3.597382,-2.624886,-4.017593,86.993355,36.319588,0.653309,18.288895,-8.040509,76.014633,46.872128
-0.515367,-0.85663,0.024108,0.841323,-0.511109,-0.175908,0.16301,-0.070374,0.984111,57.756512,0.128424,0.662453,-0.738013,33.933537,57.608738,300.993561,2.552292,0.234673,-0.858624,0.44666,0.251517,-1.826791,124.288834,-4.544475,-4.241834,-16.783897,-7.520066,86.993355,32.687572,0.745875,18.384441,-8.145903,75.775246,46.954552
-0.519819,-0.853911,0.024963,0.841171,-0.516725,-0.159458,0.149062,-0.061891,0.986889,57.756512,0.125323,0.666183,-0.735184,30.339708,59.162476,301.456665,2.528159,0.199402,-0.862809,0.438984,0.250705,-1.925528,123.781151,-4.649622,1.41097,-3.070943,-1.418045,86.993355,35.185093,0.682223,18.479704,-8.139157,75.139114,46.700626
-0.484388,-0.874266,0.032049,0.858953,-0.482218,-0.172237,0.166035,-0.055901,0.984534,57.756512,0.157684,0.688173,-0.708205,34.237854,61.562752,299.536346,2.556509,0.262573,-0.873111,0.432198,0.225572,-0.819038,125.864609,-4.272966,11.067751,8.817603,-0.94597,86.993355,24.995226,0.941921,18.575027,-8.62258,75.993156,45.388222
-0.481811,-0.873707,0.067035,0.856918,-0.485778,-0.172369,0.183164,-0.025605,0.982749,57.756512,0.150674,0.683442,-0.714285,39.653397,70.196274,299.350281,2.634191,0.320356,-0.871714,0.432641,0.230077,-0.416731,126.123215,-4.498864,3.357584,-6.596511,-3.661871,86.993355,23.147736,0.989006,18.670527,-7.628764,76.806068,45.663006
-0.484891,-0.87279,0.055851,0.857468,-0.487005,-0.166058,0.172133,-0.03263,0.984533,57.756512,0.156872,0.685184,-0.711277,36.694412,68.401253,299.646545,2.642277,0.328671,-0.873057,0.432887,0.224454,-0.05337,126.30571,-4.458623,-0.260421,-0.564765,0.374302,86.993355,22.585699,1.0,18.765902,-7.740088,76.824303,45.498642
-0.477361,-0.877024,0.054361,0.86269,-0.47952,-0.160709,0.167013,-0.02982,0.985504,57.756512,0.164763,0.688588,-0.706187,34.98724,69.006569,299.707825,2.659282,0.329444,-0.877417,0.429373,0.213959,0.015061,126.359116,-4.355407,-0.550392,-1.100709,3.6958,86.993355,20.495424,1.0,18.861231,-8.125657,76.704208,45.309433
-0.465229,-0.884055,0.044823,0.869562,-0.465902,-0.163696,0.1656,-0.03718,0.985492,57.756512,0.165773,0.695918,-0.698726,34.640663,65.87188,298.927734,2.701295,0.370122,-0.88236,0.42109,0.210057,0.018482,125.619118,-4.625297,-1.958734,-23.049223,-4.678337,86.993355,18.029825,1.0,18.97386,-8.107314,75.469536,44.532326
-0.465169,-0.883878,0.048754,0.869076,-0.466462,-0.164682,0.168301,-0.034233,0.985141,57.756512,0.162647,0.694131,-0.701234,35.818108,66.316742,298.884857,2.728412,0.433534,-0.881945,0.420933,0.212107,0.28801,125.173111,-4.745157,-1.022622,-19.4627,-4.200549,86.993355,17.752724,1.0,19.069448,-7.627117,75.153763,44.580025
-0.509514,-0.858654,0.055749,0.84587,-0.511703,-0.150546,0.157794,-0.029549,0.98703,57.756512,0.154682,0.688056,-0.708979,33.352543,67.388748,299.792023,2.678559,0.374161,-0.8693,0.435783,0.233262,0.401596,124.615364,-4.808654,2.46109,-11.006248,-2.370554,86.993355,19.65766,1.0,19.164734,-7.380427,75.016586,44.999638
-0.549242,-0.832418,0.073571,0.820377,-0.553864,-0.142187,0.159107,-0.017739,0.987102,57.756512,0.144464,0.67591,-0.722686,34.248234,70.23027,300.501709,2.653689,0.29478,-0.852543,0.45576,0.25584,0.610159,123.571877,-5.019858,17.457747,0.842099,0.202958,86.993355,23.106987,0.990045,19.26016,-6.823811,74.809357,45.69072
-0.564919,-0.821447,0.078046,0.810948,-0.57018,-0.131372,0.152415,-0.010924,0.988256,57.756512,0.142891,0.675284,-0.723584,33.032097,71.168594,300.843445,2.570133,0.227908,-0.848787,0.459634,0.261337,1.162338,122.638107,-5.055771,11.286461,0.17398,2.319791,86.993355,28.497702,0.852657,19.355604,-6.312475,73.988449,45.734493
-0.549892,-0.831485,0.07906,0.819837,-0.555423,-0.139189,0.159646,-0.011722,0.987105,57.756512,0.149209,0.674495,-0.723044,35.056179,70.918533,300.585815,2.573736,0.24247,-0.852325,0.45843,0.251761,1.564526,122.568855,-4.992769,3.561274,-0.089159,1.32468,86.993355,26.708113,0.898267,19.450863,-6.154831,73.944572,45.774075
-0.568565,-0.817941,0.087788,0.8045,-0.575139,-0.148304,0.171794,-0.013695,0.985038,57.756512,0.143081,0.67106,-0.727466,38.517876,70.550262,300.381592,2.613334,0.330416,-0.839032,0.472095,0.270466,1.596699,122.513634,-4.914285,-2.124601,-4.656178,-0.060799,86.993355,22.892046,0.995523,19.546335,-5.82908,74.085587,46.103462
-0.594637,-0.799168,0.087965,0.786495,-0.600905,-0.142616,0.166833,-0.015621,0.985861,57.756512,0.137129,0.666521,-0.732765,37.135578,69.980377,300.642334,2.608046,0.352984,-0.82707,0.48414,0.285595,1.374079,122.172508,-5.19088,1.477778,1.389592,1.560928,86.993355,22.327316,1.0,19.641703,-5.930698,74.012703,46.151543
-0.603375,-0.791472,0.097519,0.780256,-0.611191,-0.132839,0.164741,-0.004062,0.986329,57.756512,0.138303,0.666091,-0.732936,36.270435,72.678413,300.678741,2.622143,0.290807,-0.825152,0.486769,0.286671,1.172245,121.744301,-5.331654,0.745538,4.593097,0.502686,86.993355,21.396708,1.0,19.737068,-6.255856,73.726906,46.067387
-0.492035,-0.867865,0.068643,0.855125,-0.496587,-0.14887,0.163286,-0.014551,0.986471,57.756512,0.152421,0.66998,-0.726564,35.591846,68.509186,299.765686,2.708373,0.328315,-0.873367,0.435411,0.218284,0.952724,120.698738,-5.920452,-1.975168,-14.673991,-8.209,86.993355,22.147036,1.0,19.832569,-6.559013,72.265503,45.117458
-0.478132,-0.875163,0.074032,0.861923,-0.483749,-0.151906,0.168755,-0.008822,0.985618,57.756512,0.151951,0.667588,-0.72886,37.090687,69.532227,299.615082,2.730978,0.427239,-0.877171,0.430928,0.211831,0.881457,120.059074,-6.032238,-3.490635,-4.176131,-1.570977,86.993355,17.232391,1.0,19.93343,-6.471942,71.809456,45.187027
-0.505404,-0.857671,0.094696,0.845459,-0.51415,-0.14439,0.172527,0.007086,0.984979,57.756512,0.141693,0.660597,-0.737248,37.966484,74.274887,300.278015,2.687107,0.41988,-0.86712,0.442091,0.229473,0.298705,120.124596,-5.774034,-8.000029,-1.431626,-1.096588,86.993355,17.355169,1.0,20.042641,-6.569723,72.445732,46.014973
-0.493089,-0.863401,0.106781,0.851782,-0.504097,-0.142665,0.177005,0.020608,0.983994,57.756512,0.146282,0.670315,-0.727516,38.904289,77.935448,299.766968,2.666523,0.436781,-0.873053,0.433296,0.223682,0.202137,120.731056,-5.455443,-5.569679,3.052571,2.440832,86.993355,19.366529,1.0,20.135925,-6.787801,72.615738,45.758205
-0.566225,-0.815196,0.121839,0.803109,-0.578906,-0.141012,0.185486,0.018006,0.982482,57.756512,0.14064,0.679084,-0.720462,41.477909,77.905876,299.848907,2.597578,0.613436,-0.841756,0.46511,0.27408,0.672514,121.848793,-4.436579,4.704895,6.636792,8.04198,86.993355,21.511696,1.0,20.231359,-6.403559,73.257927,46.230534
-0.536425,-0.840918,0.071442,0.826367,-0.540554,-0.157858,0.171363,-0.025642,0.984874,57.756512,0.152991,0.696554,-0.701004,37.3526,66.695679,299.225769,2.762943,0.379276,-0.856063,0.447802,0.258127,0.870892,123.343346,-4.272305,-5.461029,-13.13723,-8.144618,86.993355,14.939752,1.0,20.326857,-6.883248,73.314911,44.989872
-0.545764,-0.835618,0.062322,0.820822,-0.548091,-0.160769,0.168499,-0.036587,0.985023,57.756512,0.130095,0.682717,-0.719009,37.399673,64.091286,300.149139,2.654304,0.342689,-0.850429,0.449658,0.273088,0.393543,122.86718,-4.482025,-3.821283,2.743647,0.600251,86.993355,20.92477,1.0,20.422077,-6.09683,73.535866,45.874935
-0.525659,-0.84866,0.058811,0.835468,-0.528037,-0.152219,0.160237,-0.03088,0.986595,57.756512,0.140584,0.685076,-0.714778,34.904972,65.945015,300.472198,2.60875,0.275078,-0.862468,0.439267,0.251382,0.560629,123.344719,-4.349684,-3.038564,-5.815706,1.566481,86.993355,23.327658,0.984421,20.517637,-6.458716,73.916519,45.791965
-0.519368,-0.853381,0.044693,0.841275,-0.519783,-0.148603,0.150046,-0.03958,0.987886,57.756512,0.150481,0.691675,-0.706358,31.709764,63.848419,300.483978,2.617671,0.280837,-0.867662,0.434853,0.240968,0.62028,123.95755,-4.112062,0.779154,1.54398,-0.619524,86.993355,22.864481,0.996225,20.613007,-7.023262,74.065712,45.470486
-0.48203,-0.874411,0.055245,0.860004,-0.484254,-0.16091,0.167454,-0.030052,0.985422,57.756512,0.147327,0.690192,-0.70847,36.251228,67.198555,300.220673,2.662316,0.352914,-0.87763,0.42155,0.228171,0.10448,124.697456,-3.927483,-8.604035,-2.723799,-1.309061,86.993355,22.457493,1.0,20.708248,-6.975372,74.956306,45.843395
-0.446583,-0.892624,0.061528,0.878641,-0.450496,-0.158254,0.168979,-0.016612,0.98548,57.756512,0.164688,0.697365,-0.697539,35.947277,71.115028,299.88559,2.653288,0.351129,-0.889923,0.410018,0.199807,0.205177,125.449623,-3.690169,1.919736,3.05925,3.918933,86.993355,25.026014,0.941136,20.803724,-7.673104,75.40329,45.493393
-0.438153,-0.897579,0.048726,0.882384,-0.439813,-0.16722,0.171523,-0.030273,0.984715,57.756512,0.155299,0.69612,-0.700927,37.13546,66.902039,299.650146,2.640685,0.345548,-0.89165,0.404215,0.203888,0.110094,124.822075,-3.873531,-0.00366,-10.061605,-1.778575,86.993355,25.052492,0.940462,20.89913,-7.141632,74.716774,45.455345
-0.470406,-0.881149,0.047909,0.868187,-0.471842,-0.153675,0.158016,-0.030695,0.986959,57.756512,0.148452,0.692763,-0.70572,34.167313,66.426743,300.673004,2.612603,0.307342,-0.885034,0.411466,0.217739,0.494135,124.24839,-3.712537,4.38153,-4.109311,5.966906,86.993355,25.037298,0.940849,20.994648,-6.623067,74.350426,45.898838
-0.471254,-0.881738,0.021388,0.870302,-0.468804,-0.150987,0.143157,-0.052539,0.988304,57.756512,0.145288,0.696461,-0.702733,31.02659,60.353081,301.515259,2.604189,0.252872,-0.88788,0.40516,0.217977,1.110795,124.225716,-2.932914,4.91133,6.89776,7.115151,86.993355,32.996975,0.737989,21.107271,-5.928157,73.915649,46.393879
-0.47857,-0.877853,0.018556,0.866622,-0.475635,-0.150792,0.141199,-0.056084,0.988391,57.756512,0.137795,0.698074,-0.702641,30.883284,59.124615,301.822479,2.497814,0.248465,-0.886375,0.403481,0.22703,1.070433,124.031128,-2.605658,0.159423,-1.218332,0.893164,86.993355,42.75853,0.489207,21.202564,-5.565933,73.602119,46.678646
-0.496437,-0.867613,0.028247,0.856539,-0.494868,-0.146444,0.141035,-0.048506,0.988816,57.756512,0.138161,0.696487,-0.704143,30.660442,60.734123,301.945923,2.476538,0.266316,-0.88027,0.412194,0.234993,1.026749,123.5149,-2.709139,-2.187281,-11.872952,-5.085862,86.993355,42.174419,0.504094,21.297991,-5.746522,73.255508,46.692566
-0.517836,-0.85468,0.03697,0.843056,-0.517178,-0.147593,0.145264,-0.045261,0.988357,57.756512,0.144298,0.689842,-0.709434,31.068996,61.622757,301.711609,2.532927,0.286953,-0.869298,0.430894,0.242179,0.864448,123.146645,-3.177439,-1.727241,0.599643,-2.528696,86.993355,34.834446,0.69116,21.393471,-6.429621,73.306503,46.576607
-0.550625,-0.833728,0.041347,0.82137,-0.549966,-0.151294,0.148877,-0.049344,0.987624,57.756512,0.137517,0.677869,-0.722207,32.009274,60.95068,301.648651,2.610685,0.300732,-0.851791,0.453053,0.263048,0.717459,122.858879,-3.83813,-2.686028,-8.686327,-8.953532,86.993355,27.854141,0.869059,21.48885,-6.422009,73.688469,46.70295
-0.556012,-0.829973,0.044663,0.818873,-0.556202,-0.141725,0.14247,-0.042227,0.988898,57.756512,0.130405,0.678245,-0.723173,30.495153,63.001991,301.742645,2.655663,0.335347,-0.852894,0.448655,0.266985,0.478073,123.023338,-4.157176,-3.919395,-5.62823,-2.570421,86.993355,21.871803,1.0,21.58437,-6.282005,73.902512,46.468002
-0.565572,-0.82319,0.049874,0.811852,-0.566375,-0.141827,0.144998,-0.039723,0.988634,57.756512,0.125813,0.676137,-0.725955,31.4995,63.48415,301.627075,2.639316,0.283414,-0.847742,0.453355,0.275324,0.605847,122.70726,-4.384893,1.297838,-9.875092,-2.017088,86.993355,27.100929,0.888255,21.67952,-5.930279,73.738365,46.420521
-0.577486,-0.814892,0.049612,0.803823,-0.578164,-0.13998,0.142752,-0.040957,0.988911,57.756512,0.132706,0.674215,-0.726515,31.167984,63.419857,301.715698,2.556362,0.235868,-0.841874,0.46353,0.276384,1.392744,122.852341,-4.405058,15.589024,10.153793,-0.440404,86.993355,32.824829,0.742377,21.774954,-5.682168,73.992622,46.437809
-0.590569,-0.803621,0.073626,0.794765,-0.595018,-0.11959,0.139914,-0.012111,0.99009,57.756512,0.132753,0.674596,-0.726152,30.956619,71.128532,301.954712,2.48336,0.200022,-0.841101,0.464252,0.277523,1.960171,122.85482,-4.559983,-4.039442,-5.668973,-2.688572,86.993355,35.314625,0.678922,21.870428,-5.160942,74.254845,46.372501
-0.611041,-0.786767,0.087331,0.777635,-0.617228,-0.119639,0.148031,-0.005193,0.988969,57.756512,0.130791,0.674881,-0.726243,33.375359,72.605217,301.603241,2.477479,0.202838,-0.829285,0.475913,0.292906,2.256459,122.475655,-4.638523,7.520727,-3.143235,1.742971,86.993355,35.001862,0.686893,21.96583,-4.837519,73.945824,46.310261
-0.658606,-0.744769,0.107504,0.735929,-0.667312,-0.114469,0.156991,0.003725,0.987593,57.756512,0.116288,0.665568,-0.737222,36.030876,74.106087,301.790405,2.5156,0.128189,-0.798407,0.50415,0.32921,2.061948,120.995857,-4.824853,-5.770454,-27.229116,-3.829837,86.993355,38.019848,0.609977,22.061115,-4.494887,73.144424,46.852654
-0.736247,-0.671228,0.085985,0.664405,-0.741121,-0.096466,0.128476,-0.013894,0.991615,57.756512,0.09712,0.657852,-0.746859,28.414543,69.898666,302.911285,2.330528,0.257791,-0.745945,0.544895,0.382956,1.637359,120.930931,-5.340426,-11.590057,-1.112608,-8.885303,86.993355,40.829597,0.547291,22.156458,-4.750364,73.485298,46.935223
-0.787912,-0.612758,0.061007,0.602504,-0.78759,-0.129195,0.127214,-0.065037,0.989741,57.756512,0.06475,0.651361,-0.756,28.178911,56.257774,301.822266,2.229496,0.126078,-0.676609,0.58551,0.446518,0.550657,120.446297,-6.463033,-10.405861,-6.16375,-10.236389,86.993355,50.716026,0.533024,22.269196,-4.660081,73.046432,46.330063
-0.749295,-0.656729,0.085234,0.640865,-0.751516,-0.156576,0.166882,-0.062698,0.983981,57.756512,0.08275,0.669406,-0.738274,37.688042,55.940231,298.717804,2.20347,0.368834,-0.709389,0.559879,0.428139,0.124859,120.627121,-6.822768,-0.242214,2.950772,-0.949944,86.993355,51.408325,0.568084,22.364641,-5.391064,72.125145,44.712364
-0.744321,-0.659709,0.103776,0.645083,-0.750449,-0.143857,0.172782,-0.040131,0.984142,57.756512,0.091661,0.677703,-0.729601,39.055275,61.548965,298.185425,2.239071,0.0,-0.72078,0.550693,0.420968,0.314971,120.693787,-6.89254,1.942439,4.336974,-0.976221,86.993355,52.029915,0.575762,22.460085,-5.546869,71.908501,44.138466
-0.736256,-0.670368,0.092381,0.656502,-0.740697,-0.142738,0.164113,-0.044444,0.98544,57.756512,0.101833,0.675041,-0.730718,36.453838,60.797646,298.586975,2.244007,0.0,-0.730624,0.54926,0.405589,0.559032,120.960022,-6.877917,2.144736,-0.574142,-0.02264,86.993355,51.220474,0.573133,22.555515,-5.910407,72.270401,44.205032
-0.73731,-0.668589,0.09676,0.654648,-0.742483,-0.14197,0.166763,-0.041332,0.98513,57.756512,0.101348,0.667027,-0.738108,37.252125,62.355667,298.874634,2.260429,0.0,-0.726728,0.556319,0.402959,0.661591,121.218536,-7.015216,2.165701,2.864171,-3.03455,86.993355,48.768921,0.574865,22.650761,-5.796085,73.025169,44.572586
-0.735993,-0.669571,0.099945,0.656132,-0.741865,-0.138302,0.166749,-0.036212,0.985334,57.756512,0.100197,0.660528,-0.744086,37.596313,64.38665,299.346436,2.279455,0.030093,-0.726892,0.559257,0.398573,0.937187,121.509041,-7.013169,-0.058905,3.607376,3.564584,86.993355,46.607098,0.614526,22.74613,-5.448349,73.734383,44.991756
-0.72479,-0.683904,0.083396,0.669153,-0.727589,-0.151157,0.164055,-0.053752,0.984986,57.756512,0.101082,0.678548,-0.727568,36.723854,59.531551,298.831696,2.310452,0.200768,-0.738991,0.540838,0.401729,0.697508,122.410484,-6.261093,0.852141,34.144726,33.075287,86.993355,47.321754,0.69881,22.841713,-5.625513,73.407227,44.56702
-0.712437,-0.695774,0.091284,0.683065,-0.717396,-0.136988,0.160799,-0.035242,0.986358,57.756512,0.112181,0.671587,-0.732384,35.616383,65.981514,300.085327,2.406817,0.10004,-0.753107,0.53829,0.378251,0.973207,123.537376,-5.749434,2.615859,11.001369,8.954258,86.993355,42.723942,0.663674,22.936958,-5.892386,75.078995,45.466423
-0.646975,-0.755668,0.101927,0.743976,-0.654878,-0.132797,0.1671,-0.010085,0.985888,57.756512,0.125898,0.657772,-0.742621,37.465923,72.721252,300.950714,2.527316,0.196037,-0.796995,0.512809,0.319102,1.384672,122.863907,-5.536555,4.74923,-18.127985,-1.383705,86.993355,38.189743,0.82539,23.032417,-5.669465,75.324577,46.453011
-0.603391,-0.792679,0.087054,0.780862,-0.609459,-0.137162,0.161781,-0.014785,0.986716,57.756512,0.128101,0.661728,-0.738719,36.627953,70.729446,301.594757,2.368742,0.344743,-0.823702,0.485838,0.292364,1.727494,122.415024,-4.844812,3.754919,6.996712,9.642393,86.993355,38.463814,0.935519,23.127867,-5.134387,74.545982,46.883423
-0.548121,-0.835193,0.044892,0.825228,-0.548764,-0.133632,0.136244,-0.0362,0.990014,57.756512,0.135498,0.6836,-0.717169,29.794273,64.568764,301.558655,2.301771,0.207799,-0.860069,0.440495,0.25738,1.643719,123.290161,-4.276102,-2.593647,16.347057,5.687741,86.993355,41.842728,0.877274,23.223215,-5.375782,73.913483,45.99601
-0.452325,-0.891809,0.008833,0.879734,-0.447784,-0.159866,0.146525,-0.064541,0.987099,57.756512,0.16259,0.700374,-0.695011,31.805628,57.057266,299.9758,2.470185,0.263576,-0.890981,0.406852,0.201556,1.965007,124.379486,-3.652387,2.538286,4.762018,7.014629,86.993355,40.990486,0.85441,23.337267,-6.018373,73.717796,45.165504
