-0.3462052047252655,30.467172622680664
-3.734591484069824,55.48206329345703
0.809044361114502,18.591602325439453
30.032867431640625,13.561925888061523
42.2022590637207,11.419942855834961
-4.5911664962768555,-26.230958938598633
-43.234371185302734,-15.55042552947998
-17.33293914794922,23.835681915283203
-43.234371185302734,-15.55042552947998
-17.33293914794922,23.835681915283203
8.475597381591797,10.138385772705078
-7.55565071105957,-1.1216362714767456
-14.565106391906738,16.20633316040039
13.133103370666504,-14.791626930236816
32.865543365478516,-66.13832092285156
16.946216583251953,-43.513916015625
-13.239856719970703,10.151436805725098
3.3612585067749023,-5.317285060882568
13.999913215637207,14.506122589111328
17.018220901489258,34.56825637817383
7.611903667449951,21.660329818725586
-0.008660634979605675,7.997418403625488
-8.496529579162598,3.1779210567474365
-25.056377410888672,-20.704635620117188
-8.496529579162598,3.1779210567474365
-25.056377410888672,-20.704635620117188
-9.27745246887207,-29.680002212524414
40.22978591918945,-12.857962608337402
38.81288146972656,-14.104541778564453
-14.903504371643066,-27.8463191986084
-47.05315399169922,-22.982227325439453
-30.548398971557617,12.961065292358398
8.581961631774902,46.60626983642578
20.895639419555664,31.99631118774414
6.209542274475098,-2.4208805561065674
2.976559638977051,-5.213791370391846
12.57042121887207,11.492596626281738
10.952643394470215,8.407477378845215
-8.4579496383667,-12.576723098754883
-17.968891143798828,-20.956626892089844
1.9173249006271362,-11.016528129577637
-11.429739952087402,-23.219974517822266
-1.6736890077590942,-15.986580848693848
22.96993064880371,12.572001457214355
11.258606910705566,16.268144607543945
-12.478103637695312,14.000267028808594
-11.546496391296387,24.55459976196289
-10.474556922912598,3.420426368713379
-11.546496391296387,24.55459976196289
-10.474556922912598,3.420426368713379
-16.810829162597656,-34.958370208740234
-3.720473289489746,-16.542560577392578
27.76445198059082,30.861351013183594
39.81114959716797,31.6815185546875
8.136094093322754,-3.316984176635742
-27.408435821533203,-29.08263397216797
10.98012924194336,11.492888450622559
36.41032409667969,42.717689514160156
18.96550178527832,38.5062370300293
-17.251020431518555,-9.24226188659668
-30.344423294067383,-38.14635467529297
7.404747486114502,0.7441009283065796
36.02494430541992,20.422164916992188
6.922718524932861,-10.71178150177002
-3.4194464683532715,24.77210235595703
24.978477478027344,22.709651947021484
23.616331100463867,31.148704528808594
2.6963958740234375,23.7667236328125
-9.792964935302734,0.569170355796814
0.5894536375999451,-2.8041727542877197
2.5122172832489014,3.086988925933838
-18.28326416015625,-5.181972503662109
-3.4194464683532715,24.77210235595703
24.978477478027344,22.709651947021484
23.616331100463867,31.148704528808594
2.6963958740234375,23.7667236328125
-9.792964935302734,0.569170355796814
0.5894536375999451,-2.8041727542877197
2.5122172832489014,3.086988925933838
-18.28326416015625,-5.181972503662109
9.964536666870117,-21.100717544555664
49.46117401123047,9.848576545715332
21.89055633544922,-1.116570234298706
-25.37760353088379,-19.574203491210938
-32.18688201904297,-4.097367763519287
-27.755277633666992,-0.814348578453064
8.875338554382324,-4.380349159240723
42.77529525756836,1.1671546697616577
9.664579391479492,5.188761234283447
-25.33297348022461,10.36439037322998
-10.951863288879395,20.38394546508789
-3.2031636238098145,19.20154571533203
-5.858069896697998,3.622663974761963
26.45303726196289,7.705016613006592
41.624813079833984,23.9008846282959
7.720119476318359,12.309797286987305
23.081132888793945,-31.117855072021484
-10.523893356323242,-22.484342575073242
-3.0104498863220215,18.22735595703125
14.370049476623535,45.976009368896484
19.047590255737305,43.6640739440918
-1.068449854850769,26.363779067993164
-24.969493865966797,1.2316746711730957
-15.505889892578125,-13.719584465026855
19.047590255737305,43.6640739440918
-1.068449854850769,26.363779067993164
-24.969493865966797,1.2316746711730957
-15.505889892578125,-13.719584465026855
-0.6427397727966309,-7.420167922973633
7.619114398956299,1.1971553564071655
17.6629695892334,-1.9063228368759155
21.821271896362305,11.99614429473877
-7.087584018707275,0.9869057536125183
15.905720710754395,25.220870971679688
19.268198013305664,23.45855712890625
8.448470115661621,15.044906616210938
15.625295639038086,16.363290786743164
16.86017417907715,5.0062055587768555
-0.419667512178421,2.098400115966797
-19.04802703857422,10.147741317749023
-27.779586791992188,8.46351432800293
-12.843925476074219,13.420698165893555
8.321067810058594,6.687960147857666
14.044766426086426,-13.837615013122559
13.654387474060059,-23.583454132080078
11.015989303588867,-41.62963104248047
0.5147160887718201,-32.81564712524414
-14.727493286132812,2.751291036605835
0.5147160887718201,-32.81564712524414
-14.727493286132812,2.751291036605835
-24.380582809448242,1.9479763507843018
-7.390673637390137,11.566911697387695
18.792217254638672,39.785804748535156
10.779900550842285,20.590734481811523
-16.998638153076172,-16.408206939697266
-7.006280422210693,-4.496571063995361
9.858833312988281,13.929649353027344
9.1073637008667,-10.48859691619873
-14.487476348876953,-43.142250061035156
-27.78322410583496,-43.37914276123047
-5.854363918304443,10.718924522399902
7.320339202880859,44.1397819519043
-6.12999153137207,-4.586266994476318
-2.9885802268981934,-43.02097702026367
1.2799519300460815,-24.08530616760254
0.49664053320884705,22.413042068481445
17.166013717651367,50.781959533691406
10.248527526855469,13.306082725524902
-4.136056900024414,-34.001590728759766
13.054591178894043,-16.284095764160156
16.895666122436523,33.730411529541016
-7.358217716217041,35.30154800415039
16.895666122436523,33.730411529541016
-7.358217716217041,35.30154800415039
-17.270029067993164,-1.035247564315796
-12.110115051269531,-11.204276084899902
-20.806241989135742,-19.656940460205078
-21.891246795654297,-50.46375274658203
0.7481163740158081,-44.71240234375
20.24759292602539,-1.9993587732315063
12.443258285522461,52.97133255004883
3.046748638153076,2.448141574859619
-18.552772521972656,-25.682682037353516
-7.142551422119141,20.017452239990234
10.86215591430664,27.234098434448242
-14.824936866760254,-42.18327331542969
-17.792001724243164,-66.4588851928711
28.773677825927734,-7.391891956329346
22.796955108642578,27.005287170410156
-39.01972198486328,-6.0344624519348145
-48.232147216796875,-15.806880950927734
11.794289588928223,14.566446304321289
45.801544189453125,15.592321395874023
27.59467124938965,6.269622325897217
3.0171711444854736,10.91962718963623
-27.686710357666016,1.3463054895401
3.0171711444854736,10.91962718963623
-27.686710357666016,1.3463054895401
-39.40510559082031,-13.400976181030273
2.16926908493042,-0.7484425902366638
47.51856231689453,41.56467056274414
34.84415817260742,52.18137741088867
-19.935697555541992,-2.201151132583618
-50.03152084350586,-61.980220794677734
26.08816146850586,15.280171394348145
-0.5243619084358215,12.49059772491455
-18.739971160888672,0.3999530076980591
-19.163400650024414,3.6324689388275146
-5.211296081542969,15.683695793151855
13.442378997802734,33.88948059082031
18.670576095581055,29.44091796875
4.9950714111328125,-7.95756721496582
3.5361921787261963,-13.153504371643066
16.312763214111328,36.45069122314453
-3.3350000381469727,25.74335289001465
-31.777912139892578,-58.75238800048828
-21.895645141601562,-61.361572265625
12.73097038269043,11.312054634094238
22.646413803100586,28.492563247680664
0.1156652420759201,12.063932418823242
22.646413803100586,28.492563247680664
0.1156652420759201,12.063932418823242
-6.133993148803711,-8.865851402282715
3.009796619415283,-45.42169189453125
-5.389853000640869,-33.42768859863281
-17.094646453857422,15.456393241882324
3.0438499450683594,43.23482894897461
28.9265079498291,43.753395080566406
3.0438499450683594,43.23482894897461
28.9265079498291,43.753395080566406
18.656843185424805,21.612337112426758
-7.491275310516357,-4.58831787109375
-27.908246994018555,-16.93935775756836
-24.585351943969727,-14.034821510314941
2.098541021347046,-7.621196269989014
12.782342910766602,4.397216796875
14.545063018798828,-32.96061325073242
-24.189123153686523,-1.2260032892227173
-36.53924560546875,26.625314712524414
-18.893980026245117,21.375152587890625
4.541576862335205,9.190272331237793
7.603626728057861,-4.03999662399292
-2.8790442943573,-16.317380905151367
-3.2316582202911377,-5.648613929748535
12.301189422607422,25.90321159362793
-27.679201126098633,0.2827507257461548
-45.54305648803711,-27.9216251373291
-10.467780113220215,-36.69723129272461
37.57402420043945,-8.576836585998535
36.4315071105957,18.5941104888916
10.47001838684082,5.514509201049805
-15.223360061645508,-13.439409255981445
-45.54305648803711,-27.9216251373291
-10.467780113220215,-36.69723129272461
37.57402420043945,-8.576836585998535
36.4315071105957,18.5941104888916
10.47001838684082,5.514509201049805
-15.223360061645508,-13.439409255981445
-29.35688591003418,-20.084625244140625
-4.716431617736816,-3.816761016845703
23.535558700561523,13.840702056884766
18.201248168945312,9.994488716125488
-13.631425857543945,-8.687265396118164
-42.90797805786133,-22.554407119750977
-10.499832153320312,9.660317420959473
62.41814041137695,33.65385437011719
59.8055419921875,2.2739157676696777
-6.852081298828125,-20.585834503173828
-10.397336959838867,24.183828353881836
29.16771125793457,31.519393920898438
21.097959518432617,-29.51603889465332
-17.745162963867188,-32.3626823425293
-26.97450065612793,14.299650192260742
7.627894401550293,36.38594055175781
45.12493133544922,34.57400894165039
32.31474304199219,29.920032501220703
21.097959518432617,-29.51603889465332
-17.745162963867188,-32.3626823425293
-26.97450065612793,14.299650192260742
7.627894401550293,36.38594055175781
45.12493133544922,34.57400894165039
32.31474304199219,29.920032501220703
-22.280302047729492,13.829874038696289
-37.19631576538086,4.27282190322876
1.1043448448181152,-2.0271573066711426
24.23691749572754,-30.41655731201172
16.427194595336914,-57.36051559448242
1.1210721731185913,-50.00200653076172
-16.99833106994629,8.47277545928955
-26.15244483947754,45.005104064941406
-13.966240882873535,0.47702109813690186
1.9311494827270508,-35.32109451293945
-2.8465399742126465,-6.049988269805908
-10.529650688171387,29.08867645263672
11.918638229370117,36.97113037109375
37.11602783203125,29.64305305480957
20.809186935424805,7.623121738433838
-13.2741060256958,-13.732309341430664
-27.471954345703125,12.100452423095703
-14.029841423034668,20.23271942138672
28.66502571105957,-62.108497619628906
6.694639682769775,-10.536721229553223
-5.0565185546875,31.335193634033203
0.6210418343544006,47.63040542602539
5.893607139587402,27.133678436279297
-13.95186996459961,-40.314334869384766
-37.05832290649414,-72.5604019165039
-33.313358306884766,-10.012472152709961
-9.622474670410156,42.81838607788086
20.902862548828125,22.078781127929688
35.74351119995117,2.5899388790130615
9.183609962463379,11.998678207397461
-26.217445373535156,10.554200172424316
3.901944160461426,5.644672870635986
51.3320426940918,6.511520862579346
25.691730499267578,1.211389422416687
-21.885156631469727,-10.713569641113281
-14.198569297790527,-8.774848937988281
2.5563251972198486,4.885635852813721
-19.329492568969727,-24.28866958618164
-31.66240119934082,-54.24559020996094
-12.609729766845703,-11.06564712524414
-0.7413787841796875,32.82809829711914
2.187480926513672,30.171558380126953
2.9673473834991455,-12.335840225219727
14.230948448181152,-9.35193920135498
33.46114730834961,13.69157600402832
19.346717834472656,11.794486045837402
-30.370691299438477,-13.592968940734863
-47.757545471191406,-22.138193130493164
-8.95445728302002,-10.579063415527344
24.466320037841797,18.39109230041504
-8.95445728302002,-10.579063415527344
24.466320037841797,18.39109230041504
22.196184158325195,36.35798263549805
0.36816611886024475,5.132870197296143
-20.43077278137207,-33.0034294128418
-15.453761100769043,-25.537607192993164
3.7709171772003174,-3.7664101123809814
8.356093406677246,-5.5824761390686035
3.7709171772003174,-3.7664101123809814
8.356093406677246,-5.5824761390686035
3.2337841987609863,-10.379301071166992
-1.2659043073654175,8.883298873901367
-1.0159682035446167,29.415075302124023
-2.3034703731536865,16.092378616333008
1.0725429058074951,-4.08770751953125
19.10526466369629,-1.8133864402770996
9.565677642822266,12.677013397216797
3.924318790435791,2.65963077545166
3.171633243560791,-18.281641006469727
-0.8765364289283752,-17.491722106933594
-2.3888258934020996,-12.471102714538574
21.474971771240234,12.849379539489746
30.253177642822266,46.93266677856445
-14.537230491638184,22.42218017578125
30.253177642822266,46.93266677856445
-14.537230491638184,22.42218017578125
-53.06009292602539,-41.16603088378906
-28.693096160888672,-57.484012603759766
8.13874626159668,-13.342893600463867
2.3242764472961426,18.70024299621582
-1.3530895709991455,22.510526657104492
34.37103271484375,30.906164169311523
-6.675925254821777,-7.494905948638916
-20.623653411865234,1.8813468217849731
-31.352596282958984,-11.247395515441895
-13.958199501037598,-13.320443153381348
8.331743240356445,9.155184745788574
7.508276462554932,15.416934967041016
-2.5694072246551514,-6.732907772064209
-6.420881748199463,-38.622798919677734
-0.8835771679878235,-43.42530822753906
13.809391021728516,-2.051342010498047
16.465288162231445,43.870269775390625
1.4564943313598633,37.70330047607422
-17.89809226989746,-4.628810882568359
-28.414316177368164,-20.63723373413086
-8.536625862121582,-9.176292419433594
21.891464233398438,3.7538225650787354
-8.536625862121582,-9.176292419433594
21.891464233398438,3.7538225650787354
30.71061134338379,21.645814895629883
13.551383972167969,30.60888671875
-12.159040451049805,1.2353785037994385
-13.516508102416992,-30.50641441345215
2.310974597930908,-12.466063499450684
6.2635416984558105,27.007421493530273
-0.21454781293869019,-43.11376953125
8.4856538772583,-0.2881282866001129
4.412123203277588,41.695167541503906
-4.818663120269775,23.980955123901367
-9.993569374084473,-40.4426155090332
-4.200170993804932,-48.32242965698242
10.908605575561523,-0.26676225662231445
15.054329872131348,45.3715705871582
0.9278117418289185,55.62555694580078
-8.173415184020996,13.465121269226074
-8.250777244567871,-35.39396286010742
-0.6343456506729126,-20.28046989440918
13.636652946472168,25.972087860107422
19.50840187072754,28.670372009277344
-0.15687863528728485,4.587100982666016
-26.17141342163086,-21.03676986694336
-0.15687863528728485,4.587100982666016
-26.17141342163086,-21.03676986694336
-18.01297950744629,-43.772953033447266
5.130333423614502,-39.03513717651367
5.455958843231201,-11.89802074432373
-9.210715293884277,24.823192596435547
-8.361230850219727,34.524169921875
15.237273216247559,1.079896092414856
-11.901609420776367,-1.6054811477661133
-13.786279678344727,-25.727130889892578
-4.8484625816345215,-18.308290481567383
5.471695899963379,10.992818832397461
-2.1679978370666504,38.95507049560547
-19.272438049316406,20.310588836669922
0.427620530128479,-23.204946517944336
36.329891204833984,-5.0480265617370605
16.363679885864258,24.95304298400879
-27.072458267211914,-10.968863487243652
-25.456356048583984,-32.78923034667969
-4.292725086212158,-23.489307403564453
-13.742745399475098,-29.162155151367188
-10.754638671875,-12.47508430480957
36.92484664916992,26.44060707092285
46.93182373046875,35.98948669433594
36.92484664916992,26.44060707092285
46.93182373046875,35.98948669433594
5.218463897705078,25.18488121032715
-22.12579345703125,24.816181182861328
-22.094499588012695,6.743103504180908
-6.739002704620361,-25.294410705566406
20.994047164916992,-12.57883071899414
20.543319702148438,16.13518714904785
-9.463436126708984,-24.29050636291504
-15.532461166381836,-42.78217315673828
-32.96529006958008,-60.47953414916992
-6.3834662437438965,-46.035499572753906
58.20045471191406,28.558591842651367
70.87508392333984,85.56304931640625
16.48869514465332,68.11256408691406
-44.855133056640625,0.006774761248379946
-59.26340103149414,-37.182884216308594
-3.9887259006500244,-2.534529209136963
42.49930191040039,19.43568229675293
16.797401428222656,1.6577907800674438
-24.89334487915039,-4.7921223640441895
-37.72467041015625,-18.06780433654785
-3.4320714473724365,-13.09025764465332
42.13117599487305,3.133056163787842
-3.4320714473724365,-13.09025764465332
42.13117599487305,3.133056163787842
28.523971557617188,-24.09231948852539
-7.9685163497924805,-25.994245529174805
-18.596351623535156,3.800203323364258
-14.277120590209961,5.420259475708008
-6.7272515296936035,3.56862473487854
-0.13689079880714417,17.16175079345703
-6.7272515296936035,3.56862473487854
-0.13689079880714417,17.16175079345703
-9.784920692443848,25.258392333984375
-10.504687309265137,25.770328521728516
27.41924476623535,15.655204772949219
44.52680969238281,-10.48717212677002
15.733363151550293,-7.710694313049316
-10.93914794921875,19.640445709228516
-17.307239532470703,-28.560333251953125
-32.3708610534668,-38.590667724609375
0.14138776063919067,1.501334309577942
46.88402557373047,53.16658401489258
49.84343719482422,77.53208923339844
18.24968910217285,36.875244140625
-26.52522850036621,-34.09926223754883
-42.41038131713867,-39.87056350708008
-26.52522850036621,-34.09926223754883
-42.41038131713867,-39.87056350708008
1.9017138481140137,16.76675796508789
25.084253311157227,35.524410247802734
-7.442291259765625,-1.0788071155548096
-7.549015045166016,-19.045167922973633
24.582218170166016,14.690485954284668
14.44027328491211,16.4884033203125
24.582218170166016,14.690485954284668
14.44027328491211,16.4884033203125
-23.586591720581055,-68.55109405517578
-38.06594467163086,-111.1504135131836
-15.519893646240234,-41.0218505859375
12.35834789276123,38.92472457885742
11.609898567199707,68.05823516845703
-10.656518936157227,54.78699493408203
-31.890323638916016,-13.930999755859375
29.41301918029785,4.028597831726074
59.90530776977539,27.27271270751953
21.43556022644043,31.211002349853516
-54.543121337890625,-29.73732566833496
-75.52751159667969,-97.34070587158203
2.9152843952178955,-46.608036041259766
54.03451919555664,15.725783348083496
-29.059236526489258,-5.851171493530273
-11.97606086730957,35.75834655761719
19.01469612121582,47.4090690612793
22.461252212524414,40.504791259765625
-6.755256175994873,16.587587356567383
-20.84058380126953,-18.814697265625
5.9878997802734375,-28.017623901367188
25.28015899658203,2.3647308349609375
5.9878997802734375,-28.017623901367188
25.28015899658203,2.3647308349609375
3.7661659717559814,23.397314071655273
-8.252044677734375,14.184593200683594
7.658573150634766,1.5203627347946167
3.9505839347839355,-3.1369428634643555
-18.427061080932617,-3.9980733394622803
-45.609336853027344,-51.3463249206543
-18.427061080932617,-3.9980733394622803
-45.609336853027344,-51.3463249206543
-26.86989402770996,-152.84278869628906
48.37240982055664,-197.73544311523438
56.25105285644531,-121.12079620361328
0.8174199461936951,22.132957458496094
-31.059764862060547,152.44471740722656
-34.468746185302734,204.8781280517578
6.489891529083252,13.029644966125488
27.581632614135742,-19.373023986816406
-16.883533477783203,-77.1027603149414
-55.65776443481445,-111.28810119628906
-24.867753982543945,-84.80000305175781
13.830961227416992,-15.808914184570312
12.528011322021484,40.781307220458984
8.079968452453613,67.74617767333984
-24.867753982543945,-84.80000305175781
13.830961227416992,-15.808914184570312
12.528011322021484,40.781307220458984
8.079968452453613,67.74617767333984
23.194732666015625,61.261966705322266
21.327136993408203,22.786945343017578
2.4043893814086914,-1.449568510055542
-9.070222854614258,7.338494300842285
-12.560661315917969,14.338586807250977
2.5824272632598877,9.417475700378418
15.728681564331055,-5.839724063873291
-13.092529296875,-30.840906143188477
-51.216583251953125,-50.00087356567383
-30.202457427978516,-47.449684143066406
38.13650131225586,-5.634911060333252
64.11104583740234,44.57152557373047
29.592639923095703,37.30568313598633
31.944555282592773,26.223255157470703
20.32174301147461,22.520034790039062
11.995623588562012,26.1638126373291
-13.128822326660156,3.9530696868896484
-43.7025032043457,-48.766780853271484
-47.24128723144531,-77.84725189208984
-11.7150297164917,-22.50578498840332
-13.128822326660156,3.9530696868896484
-43.7025032043457,-48.766780853271484
-47.24128723144531,-77.84725189208984
-11.7150297164917,-22.50578498840332
27.572872161865234,43.071144104003906
31.720046997070312,29.0217227935791
18.91058349609375,-4.155196666717529
9.626670837402344,-21.638090133666992
-11.388486862182617,-41.92377471923828
-17.05083465576172,-1.7528314590454102
2.602205276489258,59.14223098754883
-12.9829740524292,38.17631912231445
-22.363887786865234,-2.703716993331909
26.98331642150879,15.670831680297852
46.71232604980469,33.79426193237305
16.24213981628418,-14.640743255615234
-13.938506126403809,-51.72223663330078
-37.027809143066406,-12.658221244812012
-34.8735466003418,7.117369651794434
-4.301723480224609,-17.9566650390625
17.191326141357422,-5.010449409484863
14.57384204864502,-0.6919546127319336
-3.6642391681671143,-37.01884460449219
-16.76504898071289,-37.17327117919922
17.645641326904297,72.41303253173828
16.359922409057617,17.07462501525879
21.99884033203125,-20.7091121673584
-10.917734146118164,-15.098179817199707
-34.51170349121094,-3.4332056045532227
-6.786080360412598,12.303838729858398
2.7653934955596924,15.988153457641602
-17.595693588256836,-8.19257640838623
2.7653934955596924,15.988153457641602
-17.595693588256836,-8.19257640838623
-5.02738618850708,-30.19312858581543
15.224320411682129,-60.309261322021484
-5.399704933166504,-84.11157989501953
-5.28378963470459,-19.449321746826172
12.508221626281738,70.93374633789062
-0.9637600183486938,75.51335144042969
15.77151107788086,-9.428594589233398
-13.592885971069336,4.139946937561035
-5.394700527191162,21.925621032714844
12.43731689453125,9.641175270080566
-41.14631652832031,-34.84808349609375
-148.9169158935547,-42.89389419555664
-163.817626953125,17.099945068359375
-49.427738189697266,32.73172378540039
54.681697845458984,-30.059635162353516
93.10885620117188,-56.037986755371094
113.70995330810547,0.017087385058403015
105.14175415039062,98.8239517211914
65.16123962402344,185.32191467285156
39.410072326660156,152.8560028076172
9.195149421691895,-0.7188853025436401
-28.71582794189453,-97.2238540649414
9.195149421691895,-0.7188853025436401
-28.71582794189453,-97.2238540649414
-51.4694709777832,-102.09005737304688
-46.55636978149414,-123.90982818603516
-4.273754119873047,-133.58999633789062
19.245702743530273,-77.3733139038086
6.335709571838379,17.09563636779785
-14.115839004516602,90.83325958251953
52.05282211303711,-36.739234924316406
40.507415771484375,12.310803413391113
-22.963626861572266,40.1372184753418
-62.10694885253906,20.350997924804688
-17.864425659179688,-6.021522045135498
53.781585693359375,-5.081233501434326
47.85995864868164,-4.819555282592773
-28.312841415405273,-26.640987396240234
-61.37074661254883,-53.809326171875
-16.628952026367188,-29.877307891845703
10.096512794494629,26.27497673034668
-30.306854248046875,16.63381004333496
-31.307342529296875,-7.772037982940674
56.7061653137207,20.904193878173828
98.95609283447266,40.57414245605469
42.143470764160156,13.868910789489746
-25.960224151611328,-14.827658653259277
-48.709388732910156,17.275358200073242
-36.461997985839844,58.03129959106445
-15.902276039123535,3.9666554927825928
12.046003341674805,-65.81006622314453
20.362258911132812,-51.8187141418457
-20.22522735595703,-0.4595818817615509
-43.048789978027344,34.28833770751953
-1.740626573562622,-64.63745880126953
-3.9256792068481445,-6.749088287353516
24.25080108642578,47.188392639160156
9.804022789001465,70.15522003173828
-0.32083871960639954,66.14564514160156
-2.0069050788879395,41.43040466308594
-25.662630081176758,-19.0554256439209
-25.16537857055664,-49.03496170043945
-25.662630081176758,-19.0554256439209
-25.16537857055664,-49.03496170043945
9.809978485107422,-18.729984283447266
12.39221477508545,47.22810363769531
-11.74409294128418,120.4534912109375
6.924732208251953,113.13980102539062
44.924354553222656,28.5257568359375
13.080806732177734,-37.84407043457031
12.401062965393066,-123.88921356201172
28.880088806152344,-79.7401123046875
12.534374237060547,5.06624698638916
-54.28361129760742,70.34805297851562
-56.26421356201172,67.62456512451172
60.86628341674805,-6.094597816467285
112.72974395751953,-32.91024398803711
26.741172790527344,12.333571434020996
-62.42890930175781,14.391490936279297
-77.16161346435547,6.126644134521484
-27.931676864624023,41.7098388671875
23.766080856323242,48.40501022338867
25.23487663269043,36.90284729003906
1.7737256288528442,43.25774002075195
-32.237525939941406,24.796463012695312
-42.98176574707031,-30.46877670288086
-32.237525939941406,24.796463012695312
-42.98176574707031,-30.46877670288086
29.050214767456055,-56.862144470214844
91.87480926513672,-39.441741943359375
41.41310501098633,-40.09036636352539
-37.711334228515625,-48.557247161865234
-48.74446487426758,-50.18114471435547
-10.88099193572998,-31.417757034301758
-40.188140869140625,-3.1746129989624023
-72.3499526977539,-62.394596099853516
19.92415428161621,-54.689964294433594
105.3482437133789,-12.29868221282959
56.25864791870117,38.396514892578125
-20.080608367919922,67.89442443847656
-52.4185905456543,31.931154251098633
-44.337432861328125,-22.18074607849121
0.554821252822876,-9.962435722351074
24.830781936645508,39.061973571777344
3.5167043209075928,42.58755874633789
-12.053912162780762,-16.935771942138672
5.434741020202637,-59.326171875
14.92374038696289,-33.69831848144531
-17.92626953125,1.7267111539840698
-0.8691975474357605,13.42883014678955
-0.8691975474357605,13.42883014678955
66.59790802001953,7.072117805480957
41.42304611206055,-23.05983543395996
38.38842010498047,-210.54818725585938
116.9762191772461,-428.8846130371094
94.06051635742188,-240.63011169433594
-21.861736297607422,140.40969848632812
-129.083740234375,308.124267578125
-169.6070556640625,312.2066955566406
-104.46822357177734,204.76446533203125
6.979672431945801,93.13903045654297
47.34443283081055,62.890602111816406
-4.410824775695801,19.577041625976562
-32.56205368041992,-52.82305908203125
18.85546875,-107.70934295654297
40.34089660644531,-132.41941833496094
18.85546875,-107.70934295654297
40.34089660644531,-132.41941833496094
-21.44390296936035,-88.01725006103516
-47.92643356323242,-7.497951507568359
23.374021530151367,21.576427459716797
81.65179443359375,36.42536926269531
32.130706787109375,105.08970642089844
-41.30609130859375,109.51724243164062
-2.8283493518829346,9.71337890625
-48.4724006652832,-27.122329711914062
-49.69683837890625,-37.140594482421875
-22.95186424255371,-96.89820098876953
-7.157427787780762,-105.47540283203125
0.6917581558227539,9.79159927368164
28.789901733398438,111.6543197631836
40.728981018066406,93.31999206542969
28.789901733398438,111.6543197631836
40.728981018066406,93.31999206542969
0.08787145465612411,21.304128646850586
-30.95046615600586,-12.801966667175293
-0.6509979367256165,-2.9255969524383545
36.5477409362793,0.8927621841430664
20.366260528564453,-14.594770431518555
1.4786121845245361,8.440834999084473
-27.39463996887207,-49.67014694213867
-46.85161590576172,-68.81102752685547
-38.301239013671875,-51.24518966674805
-10.491057395935059,-18.963891983032227
24.656702041625977,10.478925704956055
31.18153953552246,11.269561767578125
7.759120464324951,7.564404487609863
-6.833221912384033,30.13921356201172
-38.301239013671875,-51.24518966674805
-10.491057395935059,-18.963891983032227
24.656702041625977,10.478925704956055
31.18153953552246,11.269561767578125
7.759120464324951,7.564404487609863
-6.833221912384033,30.13921356201172
-3.6507325172424316,46.0445671081543
2.1894073486328125,32.03657150268555
52.05916213989258,25.129228591918945
53.66769790649414,3.062784194946289
-19.96368980407715,-49.39811325073242
-55.78780746459961,-40.40877151489258
-25.468059539794922,0.27586105465888977
3.387355327606201,-8.331839561462402
5.352524280548096,-58.195552825927734
-7.282637596130371,-76.3297348022461
5.352524280548096,-58.195552825927734
-7.282637596130371,-76.3297348022461
-25.20222282409668,-21.04670524597168
-11.253358840942383,55.10102081298828
33.91172790527344,91.16278076171875
31.921350479125977,67.7200698852539
-4.587321758270264,24.532100677490234
0.8527239561080933,0.6703488230705261
20.24557113647461,-4.8434014320373535
7.950350284576416,8.970107078552246
-31.782163619995117,6.7369914054870605
-57.662376403808594,-14.747220993041992
-23.323644638061523,-40.6765022277832
46.905879974365234,-81.5670394897461
71.84392547607422,-86.07489776611328
32.597713470458984,-22.967931747436523
-44.10770034790039,31.835765838623047
-32.190452575683594,-9.800031661987305
-4.123064041137695,-2.647862672805786
32.841453552246094,42.03160095214844
36.352439880371094,64.92054748535156
11.169149398803711,31.03260040283203
-21.384624481201172,-16.151840209960938
-46.5178337097168,-64.6849136352539
-21.384624481201172,-16.151840209960938
-46.5178337097168,-64.6849136352539
-24.09754180908203,-115.20794677734375
39.24524688720703,-95.83792114257812
51.20149612426758,6.697484970092773
-12.925318717956543,110.42453002929688
-20.6272029876709,109.11686706542969
38.98577880859375,-8.981971740722656
37.04766845703125,-86.63018798828125
-21.574453353881836,-36.7810173034668
-57.83900833129883,48.301979064941406
-41.52670669555664,78.18163299560547
11.481651306152344,31.27534294128418
41.93571472167969,-25.299575805664062
18.136152267456055,-33.92206954956055
-16.708446502685547,-45.673179626464844
-22.049156188964844,-57.976295471191406
-8.113118171691895,-28.35723114013672
-3.5847420692443848,39.891876220703125
-29.42467498779297,80.2810287475586
-25.50006866455078,26.021686553955078
61.18792724609375,-42.19685745239258
106.10791015625,-33.21241760253906
34.31566619873047,20.67792320251465
-36.755027770996094,42.323219299316406
-49.79439926147461,10.251738548278809
-39.29732131958008,-2.6510140895843506
-4.608092308044434,26.844493865966797
20.95003890991211,-1.9642049074172974
-13.857961654663086,-86.663330078125
-44.056819915771484,-84.8734130859375
-7.364912033081055,6.190867900848389
36.91722106933594,53.11652755737305
17.764808654785156,29.496166229248047
-38.866310119628906,3.9826345443725586
-26.531606674194336,5.560625076293945
63.34075927734375,19.175765991210938
101.74427032470703,33.651275634765625
35.153648376464844,15.553784370422363
-44.0202751159668,-12.203371047973633
-20.531068801879883,-65.89309692382812
0.05315446853637695,-73.42730712890625
2.6985490322113037,-4.051676273345947
-4.622445106506348,8.048028945922852
4.241705417633057,-20.08776092529297
3.6942334175109863,-7.668804168701172
10.163711547851562,32.21833419799805
53.889129638671875,61.5211296081543
32.13740921020508,35.29409408569336
38.30265808105469,15.371297836303711
-11.096964836120605,-31.1159610748291
-49.838294982910156,-28.204647064208984
-24.076168060302734,-25.9041805267334
5.473631381988525,-51.29197311401367
-20.362125396728516,-37.80788040161133
-33.389156341552734,10.483163833618164
-11.096964836120605,-31.1159610748291
-49.838294982910156,-28.204647064208984
-24.076168060302734,-25.9041805267334
5.473631381988525,-51.29197311401367
-20.362125396728516,-37.80788040161133
-33.389156341552734,10.483163833618164
26.41389274597168,40.41788864135742
78.56671905517578,32.83568572998047
-48.41542434692383,32.42823791503906
-28.669710159301758,5.037252426147461
-10.936807632446289,-20.879514694213867
-9.883905410766602,-0.8839390277862549
12.782283782958984,22.47560691833496
27.139060974121094,22.29863166809082
7.126884937286377,-10.444597244262695
-9.391854286193848,-67.44475555419922
-1.9049174785614014,-67.25633239746094
8.698375701904297,-2.424142837524414
-9.435909271240234,26.32423973083496
-15.705283164978027,28.042455673217773
11.83864974975586,19.966693878173828
23.11268424987793,-14.59960651397705
13.574969291687012,-16.669755935668945
-6.338297367095947,17.77985191345215
-18.137510299682617,46.66053771972656
-18.325544357299805,43.491783142089844
-21.17030143737793,-6.568636894226074
-6.206716537475586,-44.85321044921875
20.562896728515625,-26.496000289916992
27.752796173095703,-8.850329399108887
27.95638084411621,9.60927677154541
14.016800880432129,35.390594482421875
0.34733352065086365,-31.748931884765625
34.70305252075195,1.9356892108917236
22.000349044799805,16.062549591064453
-3.785405397415161,11.817307472229004
-0.63982754945755,-0.10095836967229843
15.889632225036621,16.529403686523438
3.4743611812591553,46.823482513427734
-18.803438186645508,23.387245178222656
3.4743611812591553,46.823482513427734
-18.803438186645508,23.387245178222656
-14.639641761779785,-23.8807430267334
12.708837509155273,-6.15606689453125
26.506446838378906,24.60259246826172
0.6594518423080444,-9.334114074707031
-32.35182571411133,-40.92082595825195
-50.384033203125,-43.57236099243164
43.134525299072266,44.44828796386719
16.68171501159668,30.855186462402344
22.228252410888672,6.701927661895752
12.425538063049316,7.374691009521484
-14.099340438842773,23.75847625732422
-28.844100952148438,-6.389092445373535
-25.903650283813477,-22.83488655090332
-2.0401973724365234,18.375965118408203
-28.844100952148438,-6.389092445373535
-25.903650283813477,-22.83488655090332
-2.0401973724365234,18.375965118408203
12.002028465270996,-4.355865478515625
-4.688570499420166,-68.38883209228516
-27.5339298248291,-49.54542541503906
-20.89948844909668,14.78083610534668
19.121227264404297,38.19755554199219
-5.358124256134033,43.635643005371094
-7.3191633224487305,28.012935638427734
-20.609375,-32.29157257080078
-19.207979202270508,-50.3284912109375
0.06286627054214478,-16.52094268798828
18.60832405090332,20.074567794799805
17.47920799255371,27.180707931518555
-5.063821792602539,-18.0426025390625
17.47920799255371,27.180707931518555
-5.063821792602539,-18.0426025390625
-20.420461654663086,-64.01114654541016
-25.25612449645996,-61.392452239990234
-34.36663818359375,-4.564174175262451
0.04177498072385788,69.10150909423828
45.789371490478516,87.02997589111328
21.105791091918945,28.82398223876953
45.789371490478516,87.02997589111328
21.105791091918945,28.82398223876953
13.713314056396484,-30.417051315307617
47.40394973754883,-24.097362518310547
33.89408874511719,19.03003692626953
-5.762238025665283,48.41105270385742
-31.945491790771484,32.231651306152344
-45.054935455322266,-12.533863067626953
8.919722557067871,-93.81958770751953
26.67583656311035,-135.2832489013672
18.41388702392578,-81.56348419189453
-17.29813575744629,4.998479843139648
-2.363739252090454,39.13189697265625
31.31435203552246,-12.395045280456543
1.298521637916565,-39.580169677734375
-2.676239490509033,12.02407169342041
1.298521637916565,-39.580169677734375
-2.676239490509033,12.02407169342041
48.63025665283203,50.92776870727539
39.78187561035156,29.421123504638672
-16.624441146850586,4.159634590148926
-50.711708068847656,-17.823598861694336
-63.84406661987305,-50.99837875366211
-42.53466033935547,-44.406185150146484
10.160496711730957,-12.409199714660645
25.331642150878906,6.464723110198975
7.036405563354492,16.29207992553711
17.849895477294922,6.618432998657227
33.450828552246094,1.6949291229248047
22.012950897216797,30.131216049194336
-13.345494270324707,47.827571868896484
-36.135066986083984,21.749723434448242
25.155353546142578,17.596296310424805
-1.4264118671417236,-24.076839447021484
-21.19919776916504,-72.93058776855469
-27.868730545043945,-83.36074829101562
-28.008804321289062,-51.76450729370117
-11.530224800109863,19.77164649963379
15.211882591247559,66.30905151367188
22.417606353759766,50.94799041748047
15.211882591247559,66.30905151367188
22.417606353759766,50.94799041748047
9.467388153076172,26.465959548950195
2.5825531482696533,18.164499282836914
3.218657970428467,15.94137954711914
11.435206413269043,24.486312866210938
29.651548385620117,32.194061279296875
19.562917709350586,-3.6317391395568848
-60.79401397705078,-60.047149658203125
4.973482131958008,-20.147998809814453
63.879425048828125,14.020962715148926
73.6817626953125,46.75071334838867
26.969966888427734,57.46199417114258
-32.83277130126953,44.41132736206055
-35.93193054199219,38.24626159667969
-3.862039566040039,17.99606704711914
1.869286060333252,-30.928773880004883
-12.6363525390625,-45.73900604248047
-10.011631965637207,-5.862005710601807
19.39215087890625,37.733421325683594
33.78510284423828,33.614925384521484
-3.9824366569519043,-39.65337371826172
-44.56904983520508,-100.7359619140625
-51.927398681640625,-70.42589569091797
-44.56904983520508,-100.7359619140625
-51.927398681640625,-70.42589569091797
-15.114340782165527,6.5394110679626465
50.25786590576172,62.06932830810547
47.218997955322266,62.28929901123047
-2.5318500995635986,29.580110549926758
-7.815497875213623,8.865386009216309
20.236875534057617,6.4886088371276855
-15.906487464904785,18.410755157470703
-39.7204475402832,3.820603132247925
-32.19525909423828,-22.433799743652344
-18.516250610351562,-56.55799102783203
-26.755647659301758,-95.30895233154297
-17.557071685791016,-40.493595123291016
14.70415210723877,50.50007629394531
34.91220474243164,47.25221633911133
32.55229568481445,18.257457733154297
16.205095291137695,34.314537048339844
-9.188106536865234,30.857725143432617
-27.272991180419922,-4.272287368774414
-8.21239948272705,-6.838287353515625
16.38902473449707,18.153759002685547
20.563390731811523,11.864879608154297
34.00352096557617,-2.0900471210479736
20.563390731811523,11.864879608154297
34.00352096557617,-2.0900471210479736
23.943744659423828,-7.008260250091553
-21.302379608154297,-29.785282135009766
-45.363346099853516,-37.3299446105957
-46.6435546875,-41.87446975708008
-30.967845916748047,-38.64057922363281
-1.9308536052703857,8.70936107635498
25.545764923095703,16.778470993041992
15.629365921020508,11.519436836242676
4.29245138168335,6.815445899963379
-22.0057430267334,12.921918869018555
-26.063955307006836,10.832124710083008
27.58130645751953,-5.791958332061768
58.07846450805664,7.581607818603516
16.71466064453125,8.50053882598877
58.07846450805664,7.581607818603516
16.71466064453125,8.50053882598877
-33.52241134643555,-43.55271530151367
-55.625816345214844,-47.23293685913086
-45.984130859375,-9.688283920288086
-8.815528869628906,-31.024599075317383
16.127113342285156,-44.541751861572266
1.4167853593826294,2.409907341003418
-0.845880389213562,41.90357971191406
36.39014434814453,62.27735900878906
44.38336181640625,68.6465072631836
4.93922233581543,24.394445419311523
-23.829784393310547,-27.042755126953125
-6.910421848297119,-9.958993911743164
15.964703559875488,27.02549171447754
-10.975990295410156,2.8175485134124756
15.964703559875488,27.02549171447754
-10.975990295410156,2.8175485134124756
-37.53676986694336,-51.836002349853516
-8.621315002441406,-48.859291076660156
22.204713821411133,-21.818843841552734
17.90057945251465,-29.32707977294922
-4.155308723449707,-13.364279747009277
-15.317852973937988,26.269187927246094
-4.718723297119141,33.64434814453125
6.055729389190674,32.181358337402344
40.08613204956055,26.156801223754883
37.422916412353516,23.69933319091797
-6.265317440032959,5.558619022369385
-39.08009719848633,-44.48834991455078
-53.092567443847656,-93.77777099609375
-47.22829055786133,-86.71753692626953
-6.265317440032959,5.558619022369385
-39.08009719848633,-44.48834991455078
-53.092567443847656,-93.77777099609375
-47.22829055786133,-86.71753692626953
-12.945676803588867,-20.642501831054688
22.957284927368164,38.269508361816406
42.090370178222656,46.451690673828125
36.28702926635742,29.457603454589844
-16.07125473022461,13.999431610107422
20.05983543395996,44.32061767578125
18.852458953857422,-5.185265064239502
-47.91972732543945,-117.88104248046875
-60.70077133178711,-104.08541870117188
5.493306636810303,-2.417649030685425
23.7448673248291,2.1932005882263184
-0.0024076004046946764,-5.2122626304626465
34.49136734008789,-0.7514528632164001
-13.105368614196777,-49.59702682495117
-40.511871337890625,-27.17418098449707
-8.158456802368164,34.2779541015625
35.169281005859375,59.429805755615234
35.19050216674805,23.395225524902344
-5.161930084228516,-52.59607696533203
-27.866010665893555,-83.64441680908203
-40.511871337890625,-27.17418098449707
-8.158456802368164,34.2779541015625
35.169281005859375,59.429805755615234
35.19050216674805,23.395225524902344
-5.161930084228516,-52.59607696533203
-27.866010665893555,-83.64441680908203
-21.15999984741211,-57.61043930053711
-22.09333038330078,-36.979209899902344
13.673315048217773,43.54627990722656
-4.804215431213379,16.63847541809082
10.601166725158691,34.6184196472168
26.57530975341797,49.534141540527344
18.562177658081055,4.806120872497559
5.9548845291137695,-29.81358528137207
0.036197297275066376,7.129943370819092
-3.266315221786499,41.35942459106445
5.9548845291137695,-29.81358528137207
0.036197297275066376,7.129943370819092
-3.266315221786499,41.35942459106445
-13.380738258361816,12.167363166809082
-18.163013458251953,16.0761661529541
-20.505342483520508,72.3107681274414
-31.129121780395508,40.849544525146484
-25.507976531982422,-203.0745391845703
-31.129121780395508,40.849544525146484
-25.507976531982422,-203.0745391845703
14.1338472366333,-461.7850341796875
47.816707611083984,-336.36175537109375
34.76220703125,21.05979347229004
-10.411398887634277,243.3756103515625
-29.432559967041016,293.7417297363281
-0.828802764415741,212.9818115234375
10.932090759277344,45.34815216064453
30.69896697998047,44.73099136352539
19.87665557861328,-37.555057525634766
-37.7958869934082,-141.348876953125
-67.76747131347656,-140.17213439941406
-47.53196716308594,-64.82340240478516
-14.58884048461914,3.3198373317718506
25.70503044128418,75.5165786743164
37.24414825439453,97.2729721069336
0.35523226857185364,7.199491024017334
2.0421862602233887,-53.09558868408203
38.869136810302734,12.453800201416016
26.453044891357422,67.87298583984375
-13.919380187988281,2.4890453815460205
-22.739221572875977,-68.26310729980469
-4.557600975036621,-7.843624591827393
3.9838175773620605,72.31192779541016
-0.47234344482421875,38.78427505493164
-0.09867573529481888,-20.626314163208008
14.546347618103027,-11.83796501159668
23.062551498413086,10.759057998657227
-20.62064552307129,-35.1582145690918
-74.2494888305664,-113.26757049560547
-55.433860778808594,-102.41314697265625
51.24026107788086,66.3409652709961
-4.570036888122559,47.732662200927734
-30.889284133911133,38.17181396484375
4.986476421356201,20.981155395507812
40.20488739013672,-2.9442138671875
26.17622947692871,-16.06586456298828
-9.807442665100098,-0.07329696416854858
-15.618422508239746,50.17544174194336
-9.807442665100098,-0.07329696416854858
-15.618422508239746,50.17544174194336
-10.617673873901367,46.13418960571289
-23.38907814025879,-72.38097381591797
-22.02092933654785,-128.39163208007812
-10.42078685760498,-40.32320022583008
2.3390679359436035,29.464635848999023
11.635416984558105,28.57402801513672
2.976266622543335,-2.1864094734191895
19.191898345947266,33.11212921142578
28.47389793395996,47.50223922729492
20.193761825561523,8.812585830688477
-8.2964448928833,-23.810680389404297
-14.229011535644531,5.3380608558654785
3.3739190101623535,46.90039825439453
-11.066484451293945,16.39225959777832
3.3739190101623535,46.90039825439453
-11.066484451293945,16.39225959777832
-26.54840087890625,-45.51624298095703
-15.304338455200195,-42.73499298095703
-12.34911060333252,-14.509745597839355
6.009532928466797,-23.735599517822266
33.42742919921875,-18.523033142089844
20.69095802307129,-5.131685256958008
-6.484803676605225,-18.333765029907227
-12.90431022644043,1.5515129566192627
-6.9816975593566895,44.6143798828125
-3.329313039779663,52.09099578857422
8.311957359313965,27.913217544555664
21.049015045166016,0.20769673585891724
10.161721229553223,4.93577241897583
1.133744478225708,32.94649124145508
-47.07643127441406,-62.922691345214844
-55.320823669433594,-74.0772476196289
-9.46715259552002,-61.34275436401367
42.32550811767578,-22.129796981811523
57.27048873901367,41.160587310791016
36.934688568115234,58.339439392089844
-2.083681106567383,20.11634635925293
-33.41854476928711,7.588508605957031
-25.632143020629883,21.52762794494629
10.16618537902832,19.155738830566406
16.20892333984375,6.471940517425537
-7.2870869636535645,8.286816596984863
5.802785873413086,31.14851188659668
19.105974197387695,25.024290084838867
-14.552938461303711,-36.90155792236328
-47.562137603759766,-84.07750701904297
-14.552938461303711,-36.90155792236328
-47.562137603759766,-84.07750701904297
-42.918907165527344,-59.63321304321289
11.689504623413086,-7.259056568145752
56.91292190551758,23.661880493164062
31.260927200317383,25.50186538696289
-10.472447395324707,-5.519906044006348
-14.178874015808105,-19.157791137695312
8.200737953186035,39.4454345703125
-14.187582015991211,-27.83789825439453
-10.240303993225098,-32.93486785888672
20.784940719604492,20.70351791381836
20.146827697753906,42.56916809082031
-20.452003479003906,3.3491857051849365
-44.802799224853516,-42.69873809814453
-21.159427642822266,-51.12167739868164
-44.802799224853516,-42.69873809814453
-21.159427642822266,-51.12167739868164
26.244836807250977,-16.055971145629883
48.50315856933594,31.033615112304688
2.662322521209717,3.8413822650909424
-48.706703186035156,-66.18456268310547
-16.08399200439453,-53.673118591308594
30.89916229248047,20.119544982910156
24.961048126220703,72.25211334228516
0.7185115814208984,71.01608276367188
-18.794204711914062,21.22305679321289
-17.196983337402344,-18.81647300720215
11.07174015045166,-5.297495365142822
16.70481300354004,21.748870849609375
-1.3375884294509888,9.867696762084961
-4.979445457458496,-46.26964569091797
-1.3375884294509888,9.867696762084961
-4.979445457458496,-46.26964569091797
-2.872230052947998,-62.03239440917969
11.159579277038574,10.41932487487793
1.338274359703064,38.523624420166016
-34.11381912231445,-13.785940170288086
-38.328468322753906,-48.99368667602539
-5.328114032745361,-31.149023056030273
15.774985313415527,44.29046630859375
-7.219000816345215,23.258378982543945
-28.120075225830078,-13.919594764709473
-30.72165870666504,-23.154537200927734
10.17940902709961,7.592976093292236
41.10380554199219,38.23011016845703
8.79098892211914,15.037752151489258
-41.07695007324219,-42.63033676147461
8.79098892211914,15.037752151489258
-41.07695007324219,-42.63033676147461
-46.80192184448242,-66.73278045654297
-6.547948837280273,-48.241416931152344
31.49428367614746,9.197800636291504
27.06578254699707,50.04882049560547
-1.8015950918197632,27.844167709350586
-11.695038795471191,3.3995394706726074
5.219460964202881,14.301431655883789
18.054357528686523,21.740415573120117
12.65655517578125,-8.238612174987793
-7.154077053070068,-32.31837844848633
-25.35296058654785,-20.134723663330078
-10.757352828979492,5.459040641784668
26.84859275817871,41.621299743652344
29.041481018066406,39.893226623535156
9.060628890991211,15.614826202392578
31.31284523010254,93.32405090332031
26.214452743530273,92.9073257446289
16.19730567932129,53.63446044921875
0.9699926972389221,9.558857917785645
-13.120319366455078,-33.606502532958984
-7.331105709075928,-43.42314147949219
11.679615020751953,8.295133590698242
0.9699926972389221,9.558857917785645
-13.120319366455078,-33.606502532958984
-7.331105709075928,-43.42314147949219
11.679615020751953,8.295133590698242
20.01482391357422,55.2660026550293
3.055964231491089,23.12035369873047
-32.2563362121582,-48.52332305908203
-61.13091278076172,-102.10523223876953
-32.2563362121582,-48.52332305908203
-61.13091278076172,-102.10523223876953
-44.150657653808594,-102.78012084960938
23.863187789916992,-12.08565616607666
64.36063385009766,90.5163803100586
44.8788948059082,89.82041931152344
3.4762349128723145,21.70818328857422
-29.66046714782715,-9.923718452453613
-37.82691192626953,-73.90763092041016
-33.849178314208984,-59.23220443725586
-26.52031135559082,-35.64508056640625
-25.958654403686523,-18.743629455566406
2.3368096351623535,34.21749496459961
34.69837188720703,68.87401580810547
29.217308044433594,52.92399215698242
21.907381057739258,33.45057678222656
-37.82691192626953,-73.90763092041016
-33.849178314208984,-59.23220443725586
-26.52031135559082,-35.64508056640625
-25.958654403686523,-18.743629455566406
2.3368096351623535,34.21749496459961
34.69837188720703,68.87401580810547
29.217308044433594,52.92399215698242
21.907381057739258,33.45057678222656
27.40142059326172,20.198041915893555
10.714079856872559,-8.968499183654785
-14.242182731628418,-36.435096740722656
-26.41586685180664,-30.7156925201416
-23.344345092773438,2.7886276245117188
0.5845139622688293,3.9326283931732178
18.91990852355957,-30.487546920776367
15.281855583190918,-18.114229202270508
-5.791388988494873,27.200122833251953
-12.560736656188965,-10.196109771728516
-9.535857200622559,-37.96711349487305
-20.81413459777832,-48.56086730957031
-32.80225372314453,-20.300661087036133
-9.950043678283691,39.09764099121094
23.7308406829834,60.489967346191406
29.491138458251953,34.75568771362305
-2.6185102462768555,-31.425485610961914
-8.766129493713379,33.773040771484375
-12.243905067443848,86.17529296875
-16.244415283203125,90.13993072509766
-7.605848789215088,66.36837768554688
8.494275093078613,25.50414276123047
9.751262664794922,-19.29458236694336
-9.661569595336914,-69.68191528320312
-7.605848789215088,66.36837768554688
8.494275093078613,25.50414276123047
9.751262664794922,-19.29458236694336
-9.661569595336914,-69.68191528320312
-24.941028594970703,-102.0977554321289
-7.04406213760376,-81.64118957519531
19.17668914794922,-35.396202087402344
19.462745666503906,-2.3545169830322266
5.754570007324219,-4.6884541511535645
-7.441169261932373,-0.8488380312919617
-4.0149335861206055,42.98881912231445
14.806794166564941,73.1747055053711
18.621469497680664,25.235069274902344
8.361532211303711,-65.28998565673828
-16.005542755126953,-84.30870056152344
-40.54903793334961,-43.92818832397461
0.24103716015815735,7.554277420043945
-13.486129760742188,13.780460357666016
-14.614522933959961,21.899404525756836
6.381308555603027,0.09724226593971252
14.404195785522461,-25.603410720825195
9.704011917114258,-21.577075958251953
11.347429275512695,-18.879335403442383
12.439435005187988,-10.626490592956543
14.404195785522461,-25.603410720825195
9.704011917114258,-21.577075958251953
11.347429275512695,-18.879335403442383
12.439435005187988,-10.626490592956543
2.056525707244873,35.36066436767578
-3.736699104309082,76.71417236328125
-8.746003150939941,18.795652389526367
-33.17203140258789,-111.3259506225586
-38.16935729980469,-117.57994842529297
-13.407100677490234,-3.6608288288116455
10.519800186157227,49.630592346191406
33.204010009765625,43.622528076171875
38.793792724609375,35.10178756713867
9.221813201904297,7.786363124847412
-21.864381790161133,-4.374462127685547
-13.759565353393555,27.249759674072266
20.58856964111328,50.35033416748047
19.135452270507812,-3.94612455368042
-16.621360778808594,-71.88829040527344
-19.493749618530273,-46.38856887817383
-1.322068452835083,4.85919189453125
6.781387805938721,25.84984016418457
7.9642133712768555,36.91828536987305
-2.174663543701172,19.15420150756836
-13.427597999572754,-21.527111053466797
-15.688396453857422,-2.3044252395629883
-9.419075965881348,-21.44780158996582
6.434541702270508,-6.5787200927734375
27.848920822143555,36.71971893310547
25.358917236328125,56.42668151855469
-0.8886942863464355,44.211177825927734
-13.725310325622559,1.504110336303711
-0.8886942863464355,44.211177825927734
-13.725310325622559,1.504110336303711
1.2080912590026855,-25.122234344482422
18.44164276123047,-9.890689849853516
18.21416473388672,18.518383026123047
3.078399896621704,37.544273376464844
-18.00637435913086,-6.348952293395996
-38.05500793457031,-88.55559539794922
3.2880747318267822,36.02671432495117
48.70097351074219,98.23568725585938
55.4730224609375,76.510498046875
29.38090705871582,16.20322036743164
4.258754730224609,-13.049384117126465
-15.810754776000977,5.802250385284424
-24.710403442382812,18.991716384887695
-16.12031364440918,-9.179431915283203
-24.710403442382812,18.991716384887695
-16.12031364440918,-9.179431915283203
5.043941497802734,-32.78337097167969
22.345190048217773,6.925591468811035
29.139057159423828,59.87962341308594
-0.1922845095396042,7.159144878387451
-51.82285690307617,-95.5464859008789
-50.80640411376953,-109.65767669677734
-7.307439804077148,-43.83266067504883
18.92547607421875,32.238033294677734
16.398691177368164,72.61847686767578
1.1883296966552734,58.10181427001953
-3.6226940155029297,22.359783172607422
12.490989685058594,11.232982635498047
35.54557418823242,17.135238647460938
25.684019088745117,8.872944831848145
33.40135955810547,11.156039237976074
-15.53242015838623,-37.21995544433594
-41.368778228759766,-78.45633697509766
-25.856103897094727,-16.625164031982422
-10.454501152038574,33.65910720825195
-0.5192590951919556,8.377821922302246
13.511316299438477,1.0712463855743408
13.952964782714844,1.6100507974624634
13.511316299438477,1.0712463855743408
13.952964782714844,1.6100507974624634
8.598132133483887,-0.5417680144309998
14.947230339050293,30.05710220336914
13.567909240722656,50.36555099487305
-1.3117175102233887,17.735837936401367
-5.455820560455322,-25.061922073364258
2.0696778297424316,-19.53111457824707
-15.24895191192627,7.007582664489746
-23.206626892089844,27.54181671142578
28.30121612548828,27.33153533935547
65.1819076538086,-6.302396297454834
20.402835845947266,-46.40456008911133
-58.576316833496094,-87.453857421875
-89.65478515625,-82.20764923095703
-50.104190826416016,-3.6171963214874268
27.032926559448242,27.089130401611328
8.96683120727539,23.55133056640625
12.850728034973145,34.105979919433594
6.143307209014893,-2.241422176361084
-3.7757389545440674,-38.41658401489258
1.8377180099487305,-26.812883377075195
11.197294235229492,4.203997611999512
15.887582778930664,28.69381332397461
11.197294235229492,4.203997611999512
15.887582778930664,28.69381332397461
-9.313400268554688,2.499861240386963
-47.28107452392578,-47.40693664550781
-37.90949630737305,-38.16929244995117
-2.593752861022949,-8.382837295532227
11.791814804077148,-5.029719829559326
14.334946632385254,1.9571526050567627
1.671949028968811,41.788330078125
-7.426140785217285,40.97776794433594
-4.36673641204834,-2.2625205516815186
5.317214488983154,-45.60264587402344
6.909451484680176,-39.69546890258789
1.3974345922470093,-3.701836109161377
2.9778623580932617,26.210281372070312
13.152950286865234,56.565223693847656
2.9778623580932617,26.210281372070312
13.152950286865234,56.565223693847656
8.915388107299805,117.74954986572266
-26.273141860961914,134.88226318359375
-53.109413146972656,24.6019287109375
-26.371843338012695,-91.38594055175781
23.678518295288086,-114.26375579833984
33.28953552246094,-93.61885833740234
23.678518295288086,-114.26375579833984
33.28953552246094,-93.61885833740234
3.011446714401245,-60.9322509765625
-13.472229957580566,-23.156391143798828
1.2053648233413696,0.38075628876686096
21.76552963256836,9.05258846282959
24.364299774169922,23.891164779663086
-0.336459219455719,26.47001838684082
10.09050178527832,23.997596740722656
9.02097225189209,62.86952209472656
-6.334316253662109,-14.486300468444824
-40.131874084472656,-97.30216217041016
-41.54535675048828,-71.31763458251953
-8.254297256469727,-15.862322807312012
24.12699317932129,28.036558151245117
41.5228271484375,51.343711853027344
-29.95464324951172,-8.720507621765137
-7.605838775634766,14.994776725769043
30.902225494384766,41.2916374206543
16.93807029724121,21.108882904052734
-4.048894882202148,-16.619586944580078
-2.8642377853393555,7.132500171661377
13.660978317260742,66.46348571777344
18.3521785736084,14.88079833984375
13.660978317260742,66.46348571777344
18.3521785736084,14.88079833984375
-25.434694290161133,-104.80838012695312
-47.44220733642578,-97.00262451171875
-22.498071670532227,-18.195629119873047
-5.1224775314331055,-1.8489153385162354
15.370849609375,-2.6429715156555176
22.030439376831055,11.656826972961426
-5.452826499938965,46.167057037353516
-3.299788475036621,46.563289642333984
-2.4188501834869385,16.451034545898438
19.304229736328125,-10.752391815185547
39.26488494873047,-0.8043645620346069
33.4066276550293,9.847609519958496
1.5175929069519043,-12.727957725524902
-30.315959930419922,-166.73428344726562
1.5175929069519043,-12.727957725524902
-30.315959930419922,-166.73428344726562
-28.772390365600586,-348.02679443359375
-12.947854995727539,-243.05746459960938
-11.558483123779297,9.7544584274292
-22.06861114501953,156.85459899902344
-22.646381378173828,225.8033905029297
5.061244010925293,219.05349731445312
3.559929370880127,63.42812728881836
-9.328588485717773,25.324983596801758
-2.699054718017578,-57.990848541259766
11.334918975830078,-62.88010787963867
13.623416900634766,-1.5040926933288574
6.78707218170166,4.161158561706543
5.481370449066162,-31.616283416748047
3.2954344749450684,-1.46855890750885
-19.565401077270508,-51.10190200805664
-43.880714416503906,-95.83324432373047
-21.933170318603516,-44.1831169128418
22.90745735168457,7.505000114440918
22.69961166381836,-4.201152801513672
-7.9099345207214355,-13.429403305053711
-15.337884902954102,26.73674201965332
8.483169555664062,57.640625
31.313156127929688,45.53394317626953
21.459142684936523,24.654245376586914
-5.938507080078125,10.158721923828125
-16.99733543395996,-7.016107082366943
2.222879409790039,-7.205718994140625
37.296688079833984,31.392391204833984
35.890811920166016,27.873476028442383
-16.238622665405273,-52.798160552978516
-5.938507080078125,10.158721923828125
-16.99733543395996,-7.016107082366943
2.222879409790039,-7.205718994140625
37.296688079833984,31.392391204833984
35.890811920166016,27.873476028442383
-16.238622665405273,-52.798160552978516
-55.275089263916016,-98.66507720947266
-49.547489166259766,-76.38783264160156
25.445899963378906,31.564111709594727
24.004566192626953,30.481943130493164
14.342342376708984,42.70203399658203
-0.8106566667556763,23.451135635375977
-4.585607051849365,-34.637752532958984
-8.613344192504883,-23.708362579345703
-10.16700553894043,66.60340118408203
4.261204719543457,123.28112030029297
-19.584897994995117,-72.66858673095703
-38.71885299682617,-198.5039520263672
-26.52576446533203,-188.4509735107422
7.741606712341309,-46.63301467895508
31.62407684326172,64.64140319824219
25.419628143310547,71.8802719116211
7.616182327270508,17.034196853637695
1.203635811805725,-25.72464370727539
-26.52576446533203,-188.4509735107422
7.741606712341309,-46.63301467895508
31.62407684326172,64.64140319824219
25.419628143310547,71.8802719116211
7.616182327270508,17.034196853637695
1.203635811805725,-25.72464370727539
-4.506780624389648,0.898848295211792
-9.14468002319336,34.43168640136719
5.51690149307251,-47.63288879394531
-30.366436004638672,-118.04975891113281
-46.543983459472656,-100.22049713134766
-35.58861541748047,1.3426152467727661
-1.192234754562378,72.06523132324219
30.758609771728516,61.240108489990234
33.2301139831543,19.745330810546875
14.964629173278809,9.363921165466309
-1.192234754562378,72.06523132324219
30.758609771728516,61.240108489990234
33.2301139831543,19.745330810546875
14.964629173278809,9.363921165466309
-9.963501930236816,25.19203758239746
-22.857072830200195,11.99491024017334
2.1831231117248535,-11.365346908569336
24.991439819335938,-7.816439151763916
18.927927017211914,16.99163818359375
10.253389358520508,33.30193328857422
-2.374708652496338,1.4663687944412231
-26.661821365356445,-59.17610549926758
-37.19804382324219,-88.19865417480469
-21.974090576171875,-68.92945098876953
-8.637337684631348,-21.214902877807617
-4.447738170623779,39.3770866394043
37.931514739990234,47.0341796875
42.12665939331055,14.194311141967773
17.33504867553711,-24.325475692749023
-28.180063247680664,-44.691070556640625
-50.228599548339844,-25.94875717163086
-22.626110076904297,10.739862442016602
24.347673416137695,50.4844970703125
33.569332122802734,46.21421432495117
4.968593597412109,-40.610328674316406
-19.896547317504883,-92.82516479492188
-28.276681900024414,-79.87749481201172
-34.383480072021484,-56.6303596496582
-23.49317169189453,7.704400062561035
11.442357063293457,64.15742492675781
42.96564865112305,67.3726577758789
44.80339813232422,56.90383529663086
42.96564865112305,67.3726577758789
44.80339813232422,56.90383529663086
1.6597992181777954,33.476287841796875
-29.5224609375,-3.8305552005767822
-6.858548164367676,-18.62718391418457
13.10661506652832,-0.4274142384529114
6.146571159362793,20.61865234375
3.0926995277404785,12.628144264221191
-27.707786560058594,-43.20185089111328
-25.365108489990234,-40.876487731933594
9.445521354675293,-21.156301498413086
39.27355194091797,20.02179527282715
28.765348434448242,34.81978988647461
-15.42705249786377,4.810999870300293
-52.72328186035156,-9.946381568908691
-36.6854248046875,7.903759956359863
28.50052833557129,27.26137351989746
73.35003662109375,34.65599822998047
34.39830780029297,24.480220794677734
-38.78904342651367,3.2342398166656494
-59.267765045166016,-10.161212921142578
-10.184992790222168,-8.116005897521973
48.10594177246094,-17.93697166442871
35.934600830078125,-38.52115249633789
48.10594177246094,-17.93697166442871
35.934600830078125,-38.52115249633789
-13.444558143615723,-28.58453369140625
-46.333133697509766,4.712010860443115
-56.565887451171875,16.69383430480957
3.0419955253601074,2.061837673187256
81.2242431640625,-7.494454860687256
44.48357391357422,-15.973919868469238
0.23339490592479706,41.96730041503906
-9.698487281799316,-14.080119132995605
-23.120046615600586,-25.90323829650879
-20.96358871459961,7.504065990447998
12.42117691040039,19.395824432373047
24.92809295654297,-19.91893768310547
-9.59300422668457,-61.58203125
-38.58647918701172,-58.61805725097656
-6.181433200836182,-8.960530281066895
46.582149505615234,58.53984832763672
47.458526611328125,89.69231414794922
14.318312644958496,48.70598220825195
-20.04520034790039,-39.130985260009766
-34.20556640625,-69.32604217529297
-9.227339744567871,7.943239688873291
16.101511001586914,63.355289459228516
-6.818104267120361,15.01207160949707
-21.716283798217773,-35.777156829833984
15.997489929199219,-48.420719146728516
24.934972763061523,-61.889015197753906
-19.73806381225586,-36.50047302246094
-41.54318618774414,34.320350646972656
-6.751258850097656,61.38880920410156
28.708816528320312,25.748125076293945
10.925413131713867,3.054410457611084
-21.870769500732422,4.693896293640137
-0.40767890214920044,12.550655364990234
38.50035858154297,17.161413192749023
25.327898025512695,14.592215538024902
-4.652972221374512,7.469823837280273
0.8391262292861938,-8.478972434997559
27.286001205444336,10.712471961975098
22.346115112304688,9.265633583068848
-29.284860610961914,-87.60394287109375
-84.49022674560547,-163.01014709472656
-83.50765991210938,-89.81698608398438
2.5550990104675293,71.40504455566406
93.46037292480469,162.0429229736328
60.6421012878418,111.60628509521484
-38.480003356933594,3.715056896209717
67.92478942871094,22.99791145324707
60.93986892700195,16.91204071044922
13.083697319030762,-2.056689977645874
-18.821561813354492,-19.407241821289062
-43.067256927490234,-43.472782135009766
-43.563438415527344,-57.279197692871094
-8.309375762939453,-46.87969207763672
1.5295906066894531,-27.66494369506836
-22.51516342163086,-8.256333351135254
-26.387001037597656,7.365161895751953
15.729896545410156,39.4879264831543
60.433990478515625,79.59168243408203
38.368553161621094,72.42709350585938
-16.343603134155273,20.788606643676758
-30.337594985961914,-28.80803680419922
-14.828877449035645,-49.26824188232422
-30.337594985961914,-28.80803680419922
-14.828877449035645,-49.26824188232422
7.014517784118652,-17.61177635192871
29.27988052368164,17.078725814819336
24.238590240478516,-1.0473871231079102
-6.562646389007568,-19.736164093017578
-21.373645782470703,-0.09073823690414429
2.598440170288086,20.878923416137695
